Week,Temperature,Rain,Snow,PM10,PM2.5,COVID19,Time,BusStop,BusNumber,people
0,12.8,0.1,0.0,12,8,0,4,42080,104,0
0,12.5,0.0,0.0,8,5,0,5,42080,104,0
0,12.1,0.0,0.0,0,10,0,6,42080,104,0
0,12.4,0.0,0.0,11,6,0,7,42080,104,0
0,12.6,1.0,0.0,0,14,0,8,42080,104,3
0,14.0,0.0,0.0,6,6,0,9,42080,104,2
0,16.1,0.0,0.0,6,6,0,10,42080,104,2
0,17.2,0.0,0.0,13,11,0,11,42080,104,3
0,18.6,0.0,0.0,21,7,0,12,42080,104,3
0,19.1,0.0,0.0,21,8,0,13,42080,104,0
0,18.9,0.0,0.0,24,6,0,14,42080,104,0
0,19.2,0.0,0.0,18,9,0,15,42080,104,2
0,18.4,0.0,0.0,16,9,0,16,42080,104,5
0,18.0,0.0,0.0,15,0,0,17,42080,104,3
0,15.8,0.3,0.0,12,0,0,18,42080,104,3
0,16.0,0.0,0.0,11,10,0,19,42080,104,4
0,15.8,0.0,0.0,15,5,0,20,42080,104,0
0,15.8,0.0,0.0,12,0,0,21,42080,104,0
0,15.7,0.0,0.0,10,0,0,22,42080,104,3
0,15.4,0.0,0.0,10,3,0,23,42080,104,0
0,14.8,0.0,0.0,10,3,0,0,42080,104,0
0,14.5,0.0,0.0,14,3,0,1,42080,104,0
0,14.0,0.0,0.0,12,5,0,2,42080,104,0
0,12.8,0.0,0.0,13,7,0,3,42080,104,0
1,12.4,0.0,0.0,16,11,0,4,42080,104,0
1,11.5,0.0,0.0,16,9,0,5,42080,104,0
1,11.0,0.0,0.0,14,11,0,6,42080,104,0
1,10.6,0.0,0.0,14,11,0,7,42080,104,0
1,12.7,0.0,0.0,14,0,0,8,42080,104,4
1,15.1,0.0,0.0,18,11,0,9,42080,104,2
1,17.2,0.0,0.0,18,15,0,10,42080,104,1
1,18.5,0.0,0.0,22,11,0,11,42080,104,0
1,20.0,0.0,0.0,24,10,0,12,42080,104,6
1,20.0,0.0,0.0,21,6,0,13,42080,104,4
1,21.1,0.0,0.0,0,9,0,14,42080,104,6
1,21.0,0.0,0.0,12,11,0,15,42080,104,6
1,22.0,0.0,0.0,20,14,0,16,42080,104,1
1,20.3,0.0,0.0,0,14,0,17,42080,104,1
1,18.5,0.0,0.0,0,19,0,18,42080,104,1
1,16.9,0.0,0.0,0,22,0,19,42080,104,3
1,15.7,0.0,0.0,21,20,0,20,42080,104,2
1,15.3,0.0,0.0,23,0,0,21,42080,104,4
1,14.6,0.0,0.0,20,0,0,22,42080,104,0
1,13.7,0.0,0.0,20,0,0,23,42080,104,0
1,12.9,0.0,0.0,25,23,0,0,42080,104,0
1,12.3,0.0,0.0,26,17,0,1,42080,104,0
1,11.8,0.0,0.0,17,13,0,2,42080,104,0
1,11.4,0.0,0.0,23,20,0,3,42080,104,0
2,10.9,0.0,0.0,22,0,0,4,42080,104,0
2,10.4,0.0,0.0,0,23,0,5,42080,104,0
2,10.2,0.0,0.0,0,15,0,6,42080,104,0
2,10.2,0.0,0.0,20,16,0,7,42080,104,0
2,11.6,0.0,0.0,16,0,0,8,42080,104,5
2,14.4,0.0,0.0,26,22,0,9,42080,104,3
2,17.4,0.0,0.0,24,21,0,10,42080,104,1
2,19.5,0.0,0.0,33,26,0,11,42080,104,1
2,20.5,0.0,0.0,41,26,0,12,42080,104,0
2,21.4,0.0,0.0,39,15,0,13,42080,104,2
2,22.2,0.0,0.0,29,10,0,14,42080,104,4
2,22.6,0.0,0.0,22,12,0,15,42080,104,0
2,22.5,0.0,0.0,25,14,0,16,42080,104,1
2,21.7,0.0,0.0,24,17,0,17,42080,104,0
2,19.9,0.0,0.0,22,21,0,18,42080,104,2
2,18.1,0.0,0.0,37,30,0,19,42080,104,0
2,16.6,0.0,0.0,31,27,0,20,42080,104,7
2,15.6,0.0,0.0,32,29,0,21,42080,104,0
2,14.6,0.0,0.0,0,29,0,22,42080,104,0
2,13.6,0.0,0.0,28,28,0,23,42080,104,0
2,13.1,0.0,0.0,24,22,0,0,42080,104,0
2,12.6,0.0,0.0,0,24,0,1,42080,104,0
2,12.8,0.0,0.0,0,26,0,2,42080,104,0
2,12.4,0.0,0.0,29,29,0,3,42080,104,0
3,12.3,0.0,0.0,0,31,0,4,42080,104,0
3,12.0,0.0,0.0,0,29,0,5,42080,104,0
3,12.0,0.0,0.0,34,29,0,6,42080,104,0
3,12.0,0.0,0.0,26,24,0,7,42080,104,0
3,13.7,0.0,0.0,0,26,0,8,42080,104,0
3,16.7,0.0,0.0,33,23,0,9,42080,104,5
3,19.8,0.0,0.0,28,14,0,10,42080,104,0
3,21.8,0.0,0.0,28,11,0,11,42080,104,2
3,23.7,0.0,0.0,29,3,0,12,42080,104,9
3,24.7,0.0,0.0,24,4,0,13,42080,104,3
3,24.6,0.0,0.0,18,5,0,14,42080,104,6
3,25.0,0.0,0.0,28,10,0,15,42080,104,0
3,24.2,0.0,0.0,25,8,0,16,42080,104,11
3,23.6,0.0,0.0,28,12,0,17,42080,104,9
3,22.6,0.0,0.0,22,13,0,18,42080,104,3
3,21.8,0.0,0.0,19,11,0,19,42080,104,7
3,21.2,0.0,0.0,19,7,0,20,42080,104,1
3,20.5,0.0,0.0,12,10,0,21,42080,104,3
3,20.0,0.0,0.0,13,6,0,22,42080,104,0
3,19.7,0.0,0.0,16,9,0,23,42080,104,0
3,19.7,0.0,0.0,14,10,0,0,42080,104,0
3,19.6,0.0,0.0,18,5,0,1,42080,104,0
3,18.5,0.1,0.0,11,5,0,2,42080,104,0
3,17.1,3.5,0.0,12,8,0,3,42080,104,0
4,16.8,7.6,0.0,13,7,0,4,42080,104,0
4,16.6,5.2,0.0,12,7,0,5,42080,104,0
4,16.5,1.7,0.0,8,6,0,6,42080,104,0
4,16.4,1.2,0.0,7,0,0,7,42080,104,0
4,16.7,0.9,0.0,10,6,0,8,42080,104,2
4,17.0,2.2,0.0,10,0,0,9,42080,104,3
4,17.6,2.3,0.0,11,9,0,10,42080,104,5
4,17.9,1.8,0.0,8,7,0,11,42080,104,4
4,18.1,6.5,0.0,7,4,0,12,42080,104,4
4,18.5,0.9,0.0,7,0,0,13,42080,104,0
4,19.0,0.6,0.0,6,0,0,14,42080,104,0
4,19.0,3.0,0.0,0,5,0,15,42080,104,2
4,19.1,2.8,0.0,0,4,0,16,42080,104,6
4,18.9,2.1,0.0,13,5,0,17,42080,104,5
4,18.6,0.9,0.0,12,4,0,18,42080,104,0
4,18.3,2.5,0.0,8,4,0,19,42080,104,4
4,18.4,3.5,0.0,8,4,0,20,42080,104,1
4,18.3,0.8,0.0,8,3,0,21,42080,104,0
4,18.1,5.0,0.0,6,4,0,22,42080,104,0
4,18.0,1.8,0.0,9,8,0,23,42080,104,0
4,17.7,3.1,0.0,12,7,0,0,42080,104,0
4,17.7,0.9,0.0,18,10,0,1,42080,104,0
4,17.4,3.0,0.0,10,8,0,2,42080,104,0
4,17.1,4.8,0.0,7,4,0,3,42080,104,0
5,17.1,4.0,0.0,6,3,0,4,42080,104,0
5,17.2,2.7,0.0,7,4,0,5,42080,104,0
5,17.2,3.1,0.0,8,5,0,6,42080,104,0
5,17.2,2.3,0.0,16,3,0,7,42080,104,0
5,17.3,1.3,0.0,6,4,0,8,42080,104,0
5,17.3,0.6,0.0,6,3,0,9,42080,104,0
5,17.3,4.7,0.0,6,4,0,10,42080,104,0
5,17.4,3.2,0.0,6,4,0,11,42080,104,0
5,17.7,0.5,0.0,6,6,0,12,42080,104,1
5,18.8,4.4,0.0,6,4,0,13,42080,104,15
5,19.9,0.0,0.0,6,4,0,14,42080,104,0
5,19.5,0.0,0.0,6,0,0,15,42080,104,0
5,19.3,0.0,0.0,6,0,0,16,42080,104,0
5,19.8,0.0,0.0,10,0,0,17,42080,104,0
5,19.4,0.0,0.0,13,7,0,18,42080,104,0
5,18.3,0.0,0.0,0,12,0,19,42080,104,0
5,18.0,0.0,0.0,0,10,0,20,42080,104,1
5,17.7,0.0,0.0,20,8,0,21,42080,104,3
5,17.7,0.0,0.0,0,13,0,22,42080,104,0
5,18.1,0.0,0.0,0,12,0,23,42080,104,0
5,17.4,0.0,0.0,25,13,0,0,42080,104,0
5,16.8,0.0,0.0,22,10,0,1,42080,104,0
5,16.5,0.0,0.0,14,8,0,2,42080,104,0
5,16.0,0.0,0.0,21,15,0,3,42080,104,0
6,15.6,0.0,0.0,17,15,0,4,42080,104,0
6,15.3,0.0,0.0,13,12,0,5,42080,104,0
6,14.8,0.0,0.0,22,12,0,6,42080,104,0
6,14.6,0.0,0.0,0,13,0,7,42080,104,0
6,15.6,0.0,0.0,20,13,0,8,42080,104,0
6,17.4,0.0,0.0,17,12,0,9,42080,104,0
6,19.2,0.0,0.0,22,17,0,10,42080,104,0
6,20.7,0.0,0.0,33,18,0,11,42080,104,0
6,21.8,0.0,0.0,29,15,0,12,42080,104,0
6,22.2,0.0,0.0,34,8,0,13,42080,104,0
6,23.1,0.0,0.0,37,6,0,14,42080,104,1
6,22.2,0.0,0.0,41,18,0,15,42080,104,1
6,22.5,0.0,0.0,30,16,0,16,42080,104,0
6,21.0,0.0,0.0,39,12,0,17,42080,104,0
6,18.6,0.0,0.0,22,15,0,18,42080,104,2
6,16.7,0.0,0.0,32,8,0,19,42080,104,1
6,15.5,0.0,0.0,10,8,0,20,42080,104,2
6,14.6,0.0,0.0,22,10,0,21,42080,104,1
6,13.7,0.0,0.0,16,6,0,22,42080,104,0
6,13.2,0.0,0.0,16,11,0,23,42080,104,0
6,12.3,0.0,0.0,26,13,0,0,42080,104,0
6,11.7,0.0,0.0,11,10,0,1,42080,104,0
6,11.4,0.0,0.0,12,9,0,2,42080,104,0
6,10.9,0.0,0.0,22,12,0,3,42080,104,0
0,10.0,0.0,0.0,17,10,0,4,42080,104,0
0,9.6,0.0,0.0,21,9,0,5,42080,104,0
0,9.3,0.0,0.0,19,7,0,6,42080,104,0
0,9.1,0.0,0.0,12,9,0,7,42080,104,1
0,9.6,0.0,0.0,14,10,0,8,42080,104,0
0,11.5,0.0,0.0,18,11,0,9,42080,104,0
0,13.5,0.0,0.0,19,13,0,10,42080,104,0
0,16.1,0.0,0.0,27,10,0,11,42080,104,7
0,17.9,0.0,0.0,25,12,0,12,42080,104,4
0,19.4,0.0,0.0,24,6,0,13,42080,104,6
0,20.3,0.0,0.0,21,3,0,14,42080,104,1
0,20.3,0.0,0.0,22,6,0,15,42080,104,6
0,20.0,0.0,0.0,29,11,0,16,42080,104,16
0,18.9,0.0,0.0,24,12,0,17,42080,104,3
0,17.3,0.0,0.0,24,14,0,18,42080,104,7
0,15.2,0.0,0.0,22,13,0,19,42080,104,5
0,13.6,0.0,0.0,22,15,0,20,42080,104,4
0,12.7,0.0,0.0,20,17,0,21,42080,104,0
0,11.9,0.0,0.0,16,16,0,22,42080,104,0
0,10.8,0.0,0.0,22,15,0,23,42080,104,0
0,10.3,0.0,0.0,16,14,0,0,42080,104,0
0,10.5,0.0,0.0,23,15,0,1,42080,104,0
0,10.6,0.0,0.0,0,17,0,2,42080,104,0
0,10.5,0.0,0.0,23,22,0,3,42080,104,0
1,10.7,0.0,0.0,23,16,0,4,42080,104,0
1,10.8,0.0,0.0,18,16,0,5,42080,104,0
1,10.9,0.0,0.0,20,14,0,6,42080,104,0
1,11.1,0.0,0.0,16,16,0,7,42080,104,0
1,11.6,0.0,0.0,26,16,0,8,42080,104,0
1,12.5,0.0,0.0,25,18,0,9,42080,104,0
1,13.8,0.0,0.0,24,20,0,10,42080,104,0
1,15.7,0.0,0.0,35,17,0,11,42080,104,0
1,18.6,0.0,0.0,32,9,0,12,42080,104,2
1,19.0,0.0,0.0,31,5,0,13,42080,104,9
1,19.4,0.0,0.0,17,6,0,14,42080,104,4
1,19.0,0.0,0.0,24,8,0,15,42080,104,0
1,19.3,0.0,0.0,19,8,0,16,42080,104,5
1,18.6,0.0,0.0,22,12,0,17,42080,104,4
1,17.4,0.0,0.0,12,7,0,18,42080,104,0
1,16.3,0.0,0.0,12,0,0,19,42080,104,0
1,15.4,0.0,0.0,21,10,0,20,42080,104,2
1,14.9,0.0,0.0,21,17,0,21,42080,104,0
1,14.8,0.0,0.0,17,14,0,22,42080,104,2
1,15.1,0.0,0.0,20,15,0,23,42080,104,1
1,14.8,0.0,0.0,23,16,0,0,42080,104,0
1,14.6,0.0,0.0,21,17,0,1,42080,104,0
1,14.5,0.0,0.0,0,14,0,2,42080,104,0
1,14.9,0.0,0.0,19,15,0,3,42080,104,0
2,16.5,0.0,0.0,20,16,0,4,42080,104,0
2,16.4,0.0,0.0,20,14,0,5,42080,104,0
2,16.0,0.0,0.0,20,13,0,6,42080,104,0
2,15.4,0.0,0.0,19,14,0,7,42080,104,0
2,14.2,0.0,0.0,22,12,0,8,42080,104,0
2,14.7,0.0,0.0,27,15,0,9,42080,104,2
2,15.7,0.0,0.0,30,18,0,10,42080,104,0
2,15.8,0.0,0.0,28,13,0,11,42080,104,0
2,16.9,0.0,0.0,21,9,0,12,42080,104,0
2,16.4,0.0,0.0,16,7,0,13,42080,104,0
2,16.3,0.0,0.0,18,4,0,14,42080,104,0
2,17.4,0.0,0.0,15,10,0,15,42080,104,2
2,16.2,0.0,0.0,23,7,0,16,42080,104,4
2,14.6,0.0,0.0,16,10,0,17,42080,104,2
2,12.6,0.0,0.0,14,10,0,18,42080,104,2
2,11.5,0.0,0.0,16,11,0,19,42080,104,0
2,11.1,0.0,0.0,19,8,0,20,42080,104,0
2,10.6,0.0,0.0,18,6,0,21,42080,104,1
2,10.0,0.0,0.0,12,10,0,22,42080,104,2
2,9.4,0.0,0.0,16,9,0,23,42080,104,0
2,8.4,0.0,0.0,12,8,0,0,42080,104,0
2,8.2,0.0,0.0,11,9,0,1,42080,104,0
2,7.6,0.0,0.0,9,9,0,2,42080,104,0
2,7.0,0.0,0.0,11,0,0,3,42080,104,0
3,6.3,0.0,0.0,12,10,0,4,42080,104,0
3,6.3,0.0,0.0,13,8,0,5,42080,104,0
3,6.3,0.0,0.0,12,7,0,6,42080,104,0
3,5.9,0.0,0.0,10,0,0,7,42080,104,0
3,7.5,0.0,0.0,11,9,0,8,42080,104,1
3,10.3,0.0,0.0,14,12,0,9,42080,104,3
3,12.8,0.0,0.0,21,12,0,10,42080,104,0
3,13.7,0.0,0.0,16,10,0,11,42080,104,0
3,14.3,0.0,0.0,18,12,0,12,42080,104,0
3,14.6,0.0,0.0,22,4,0,13,42080,104,0
3,14.9,0.0,0.0,17,5,0,14,42080,104,12
3,14.9,0.0,0.0,19,8,0,15,42080,104,6
3,13.8,0.0,0.0,13,9,0,16,42080,104,8
3,13.1,0.0,0.0,17,8,0,17,42080,104,2
3,12.4,0.0,0.0,15,6,0,18,42080,104,0
3,12.0,0.0,0.0,12,10,0,19,42080,104,0
3,12.2,0.0,0.0,12,9,0,20,42080,104,0
3,11.7,0.0,0.0,17,11,0,21,42080,104,0
3,10.9,0.0,0.0,21,10,0,22,42080,104,0
3,9.7,0.0,0.0,21,13,0,23,42080,104,0
3,8.6,0.0,0.0,17,15,0,0,42080,104,0
3,8.3,0.0,0.0,16,14,0,1,42080,104,0
3,7.9,0.0,0.0,10,0,0,2,42080,104,0
3,7.1,0.0,0.0,10,0,0,3,42080,104,0
4,6.5,0.0,0.0,11,11,0,4,42080,104,0
4,5.9,0.0,0.0,12,7,0,5,42080,104,0
4,5.4,0.0,0.0,13,12,0,6,42080,104,0
4,5.3,0.0,0.0,24,12,0,7,42080,104,0
4,6.5,0.0,0.0,17,15,0,8,42080,104,1
4,9.7,0.0,0.0,19,14,0,9,42080,104,1
4,12.2,0.0,0.0,23,16,0,10,42080,104,0
4,13.7,0.0,0.0,24,14,0,11,42080,104,0
4,15.0,0.0,0.0,31,13,0,12,42080,104,2
4,15.9,0.0,0.0,16,13,0,13,42080,104,0
4,16.5,0.0,0.0,27,18,0,14,42080,104,0
4,17.2,0.0,0.0,23,18,0,15,42080,104,0
4,17.1,0.0,0.0,26,19,0,16,42080,104,0
4,15.7,0.0,0.0,22,16,0,17,42080,104,0
4,14.0,0.0,0.0,25,18,0,18,42080,104,0
4,12.3,0.0,0.0,21,16,0,19,42080,104,5
4,10.8,0.0,0.0,25,17,0,20,42080,104,2
4,10.1,0.0,0.0,23,17,0,21,42080,104,1
4,9.3,0.0,0.0,0,22,0,22,42080,104,0
4,8.5,0.0,0.0,23,18,0,23,42080,104,0
4,8.0,0.0,0.0,22,18,0,0,42080,104,0
4,7.2,0.0,0.0,20,17,0,1,42080,104,0
4,6.9,0.0,0.0,0,20,0,2,42080,104,0
4,6.2,0.0,0.0,28,21,0,3,42080,104,0
5,5.8,0.0,0.0,0,21,0,4,42080,104,0
5,5.6,0.0,0.0,26,22,0,5,42080,104,0
5,5.3,0.0,0.0,19,19,0,6,42080,104,0
5,4.9,0.0,0.0,0,22,0,7,42080,104,0
5,6.3,0.0,0.0,26,24,0,8,42080,104,2
5,8.7,0.0,0.0,0,33,0,9,42080,104,0
5,11.6,0.0,0.0,0,32,0,10,42080,104,0
5,14.7,0.0,0.0,39,31,0,11,42080,104,0
5,16.9,0.0,0.0,44,21,0,12,42080,104,2
5,18.3,0.0,0.0,32,21,0,13,42080,104,8
5,18.4,0.0,0.0,28,12,0,14,42080,104,0
5,19.5,0.0,0.0,19,11,0,15,42080,104,4
5,19.3,0.0,0.0,15,11,0,16,42080,104,2
5,17.5,0.0,0.0,19,16,0,17,42080,104,0
5,15.4,0.0,0.0,26,15,0,18,42080,104,2
5,13.8,0.0,0.0,0,20,0,19,42080,104,0
5,13.0,0.0,0.0,22,21,0,20,42080,104,0
5,11.9,0.0,0.0,19,19,0,21,42080,104,0
5,11.0,0.0,0.0,19,19,0,22,42080,104,0
5,10.6,0.0,0.0,23,22,0,23,42080,104,0
5,9.8,0.0,0.0,20,15,0,0,42080,104,0
5,9.3,0.0,0.0,24,24,0,1,42080,104,0
5,9.0,0.0,0.0,0,20,0,2,42080,104,0
5,8.6,0.0,0.0,0,24,0,3,42080,104,0
6,8.0,0.0,0.0,21,17,0,4,42080,104,0
6,7.7,0.0,0.0,22,18,0,5,42080,104,0
6,7.1,0.0,0.0,23,21,0,6,42080,104,0
6,7.0,0.0,0.0,0,21,0,7,42080,104,0
6,8.3,0.0,0.0,21,0,0,8,42080,104,0
6,10.5,0.0,0.0,0,28,0,9,42080,104,0
6,13.6,0.0,0.0,32,26,0,10,42080,104,0
6,15.8,0.0,0.0,34,28,0,11,42080,104,0
6,18.1,0.0,0.0,37,21,0,12,42080,104,0
6,19.1,0.0,0.0,30,18,0,13,42080,104,3
6,19.5,0.0,0.0,28,23,0,14,42080,104,5
6,19.6,0.0,0.0,25,20,0,15,42080,104,0
6,19.5,0.0,0.0,0,20,0,16,42080,104,1
6,17.3,0.0,0.0,19,17,0,17,42080,104,8
6,16.0,0.0,0.0,0,17,0,18,42080,104,0
6,14.5,0.0,0.0,15,15,0,19,42080,104,1
6,14.2,0.0,0.0,18,18,0,20,42080,104,4
6,13.6,0.0,0.0,26,0,0,21,42080,104,0
6,13.2,0.0,0.0,39,0,0,22,42080,104,0
6,12.7,0.0,0.0,44,43,0,23,42080,104,0
6,12.0,0.0,0.0,43,40,0,0,42080,104,0
6,11.0,0.0,0.0,43,35,0,1,42080,104,0
6,10.4,0.0,0.0,42,42,0,2,42080,104,0
6,9.8,0.0,0.0,36,0,0,3,42080,104,0
0,9.1,0.0,0.0,39,37,0,4,42080,104,0
0,8.8,0.0,0.0,31,0,0,5,42080,104,0
0,8.3,0.0,0.0,34,28,0,6,42080,104,0
0,8.2,0.0,0.0,26,24,0,7,42080,104,0
0,9.0,0.0,0.0,34,26,0,8,42080,104,2
0,11.2,0.0,0.0,29,28,0,9,42080,104,3
0,13.9,0.0,0.0,0,0,0,10,42080,104,0
0,16.3,0.0,0.0,0,0,0,11,42080,104,0
0,18.5,0.0,0.0,47,25,0,12,42080,104,2
0,18.9,0.0,0.0,42,24,0,13,42080,104,6
0,19.9,0.0,0.0,54,36,0,14,42080,104,0
0,20.6,0.0,0.0,66,37,0,15,42080,104,2
0,20.6,0.0,0.0,57,43,0,16,42080,104,0
0,19.4,0.0,0.0,61,37,0,17,42080,104,0
0,17.8,0.0,0.0,58,40,0,18,42080,104,0
0,16.1,0.0,0.0,51,44,0,19,42080,104,1
0,15.2,0.0,0.0,58,44,0,20,42080,104,0
0,14.9,0.0,0.0,50,49,0,21,42080,104,0
0,14.1,0.0,0.0,53,50,0,22,42080,104,1
0,13.5,0.0,0.0,56,56,0,23,42080,104,0
0,12.7,0.0,0.0,55,55,0,0,42080,104,0
0,12.1,0.0,0.0,59,47,0,1,42080,104,0
0,11.9,0.0,0.0,58,51,0,2,42080,104,0
0,11.5,0.0,0.0,54,0,0,3,42080,104,0
1,11.1,0.0,0.0,58,54,0,4,42080,104,0
1,10.5,0.0,0.0,64,45,0,5,42080,104,0
1,10.5,0.0,0.0,59,45,0,6,42080,104,0
1,10.5,0.0,0.0,55,37,0,7,42080,104,0
1,11.1,0.0,0.0,42,37,0,8,42080,104,0
1,11.9,0.0,0.0,43,38,0,9,42080,104,0
1,12.9,0.0,0.0,60,50,0,10,42080,104,0
1,14.2,0.0,0.0,62,55,0,11,42080,104,4
1,15.1,0.0,0.0,73,48,0,12,42080,104,4
1,16.2,0.0,0.0,70,60,0,13,42080,104,0
1,16.3,0.0,0.0,62,0,0,14,42080,104,3
1,16.6,0.0,0.0,70,0,0,15,42080,104,1
1,17.4,0.0,0.0,64,0,0,16,42080,104,21
1,16.2,0.0,0.0,63,53,0,17,42080,104,0
1,15.6,0.0,0.0,55,53,0,18,42080,104,0
1,14.7,0.0,0.0,55,55,0,19,42080,104,1
1,13.7,0.0,0.0,57,53,0,20,42080,104,1
1,12.6,0.0,0.0,55,51,0,21,42080,104,0
1,11.8,0.0,0.0,57,43,0,22,42080,104,0
1,11.0,0.0,0.0,53,34,0,23,42080,104,0
1,10.5,0.0,0.0,48,24,0,0,42080,104,0
1,9.9,0.0,0.0,43,28,0,1,42080,104,0
1,9.4,0.0,0.0,36,29,0,2,42080,104,0
1,9.0,0.0,0.0,35,33,0,3,42080,104,0
2,8.5,0.0,0.0,34,29,0,4,42080,104,0
2,8.2,0.0,0.0,33,30,0,5,42080,104,0
2,7.8,0.0,0.0,34,29,0,6,42080,104,0
2,7.8,0.0,0.0,34,24,0,7,42080,104,0
2,8.6,0.0,0.0,36,30,0,8,42080,104,0
2,11.1,0.0,0.0,35,0,0,9,42080,104,1
2,13.7,0.0,0.0,42,37,0,10,42080,104,1
2,15.9,0.0,0.0,55,33,0,11,42080,104,4
2,17.4,0.0,0.0,48,12,0,12,42080,104,3
2,18.5,0.0,0.0,34,5,0,13,42080,104,0
2,19.1,0.0,0.0,21,6,0,14,42080,104,0
2,19.4,0.0,0.0,17,8,0,15,42080,104,6
2,19.3,0.0,0.0,21,10,0,16,42080,104,26
2,17.2,0.0,0.0,17,12,0,17,42080,104,0
2,15.0,0.0,0.0,21,14,0,18,42080,104,0
2,13.3,0.0,0.0,24,19,0,19,42080,104,1
2,12.5,0.0,0.0,25,17,0,20,42080,104,0
2,11.4,0.0,0.0,16,12,0,21,42080,104,0
2,10.7,0.0,0.0,19,12,0,22,42080,104,1
2,9.8,0.0,0.0,15,9,0,23,42080,104,1
2,9.1,0.0,0.0,14,11,0,0,42080,104,0
2,8.3,0.0,0.0,15,6,0,1,42080,104,0
2,7.6,0.0,0.0,23,8,0,2,42080,104,0
2,7.0,0.0,0.0,15,13,0,3,42080,104,0
3,6.5,0.0,0.0,19,12,0,4,42080,104,0
3,6.1,0.0,0.0,12,10,0,5,42080,104,0
3,5.8,0.0,0.0,17,12,0,6,42080,104,0
3,5.5,0.0,0.0,16,11,0,7,42080,104,4
3,7.0,0.0,0.0,17,15,0,8,42080,104,2
3,9.8,0.0,0.0,24,19,0,9,42080,104,1
3,12.5,0.0,0.0,28,18,0,10,42080,104,0
3,15.4,0.0,0.0,40,27,0,11,42080,104,1
3,16.6,0.0,0.0,36,23,0,12,42080,104,0
3,16.9,0.0,0.0,27,10,0,13,42080,104,1
3,17.9,0.0,0.0,23,11,0,14,42080,104,1
3,17.7,0.0,0.0,21,16,0,15,42080,104,2
3,16.9,0.0,0.0,23,19,0,16,42080,104,4
3,16.0,0.0,0.0,38,24,0,17,42080,104,4
3,15.1,0.0,0.0,30,24,0,18,42080,104,0
3,12.3,1.0,0.0,24,13,0,19,42080,104,2
3,12.2,0.0,0.0,12,7,0,20,42080,104,5
3,11.6,0.0,0.0,9,3,0,21,42080,104,0
3,11.1,0.0,0.0,9,4,0,22,42080,104,0
3,10.0,0.0,0.0,10,4,0,23,42080,104,0
3,9.5,0.0,0.0,8,5,0,0,42080,104,0
3,9.3,0.0,0.0,0,10,0,1,42080,104,0
3,8.9,0.0,0.0,0,13,0,2,42080,104,0
3,8.6,0.0,0.0,11,10,0,3,42080,104,0
4,8.2,0.0,0.0,12,10,0,4,42080,104,0
4,8.3,0.0,0.0,18,10,0,5,42080,104,0
4,7.9,0.0,0.0,10,10,0,6,42080,104,2
4,7.5,0.0,0.0,11,0,0,7,42080,104,0
4,8.8,0.0,0.0,18,0,0,8,42080,104,3
4,11.0,0.0,0.0,23,20,0,9,42080,104,2
4,12.8,0.0,0.0,20,14,0,10,42080,104,4
4,14.5,0.0,0.0,15,9,0,11,42080,104,0
4,15.9,0.0,0.0,24,6,0,12,42080,104,0
4,17.4,0.0,0.0,32,8,0,13,42080,104,6
4,17.8,0.0,0.0,17,10,0,14,42080,104,4
4,18.4,0.0,0.0,24,7,0,15,42080,104,0
4,18.2,0.0,0.0,18,12,0,16,42080,104,0
4,16.7,0.0,0.0,16,9,0,17,42080,104,4
4,15.1,0.0,0.0,18,13,0,18,42080,104,0
4,13.5,0.0,0.0,17,17,0,19,42080,104,4
4,12.6,0.0,0.0,26,12,0,20,42080,104,2
4,11.7,0.0,0.0,23,16,0,21,42080,104,0
4,10.6,0.0,0.0,20,19,0,22,42080,104,0
4,9.8,0.0,0.0,0,18,0,23,42080,104,0
4,8.9,0.0,0.0,22,20,0,0,42080,104,0
4,8.3,0.0,0.0,21,17,0,1,42080,104,0
4,7.6,0.0,0.0,25,14,0,2,42080,104,0
4,7.2,0.0,0.0,23,19,0,3,42080,104,0
5,6.8,0.0,0.0,21,19,0,4,42080,104,0
5,6.4,0.0,0.0,0,21,0,5,42080,104,0
5,5.9,0.0,0.0,18,18,0,6,42080,104,0
5,5.6,0.0,0.0,24,18,0,7,42080,104,0
5,6.7,0.0,0.0,15,14,0,8,42080,104,0
5,9.4,0.0,0.0,0,27,0,9,42080,104,2
5,12.6,0.0,0.0,39,23,0,10,42080,104,0
5,15.1,0.0,0.0,0,31,0,11,42080,104,4
5,17.7,0.0,0.0,43,29,0,12,42080,104,4
5,18.8,0.0,0.0,40,22,0,13,42080,104,0
5,19.7,0.0,0.0,28,16,0,14,42080,104,0
5,20.2,0.0,0.0,29,10,0,15,42080,104,0
5,20.3,0.0,0.0,20,16,0,16,42080,104,3
5,18.0,0.0,0.0,22,15,0,17,42080,104,0
5,16.1,0.0,0.0,0,17,0,18,42080,104,5
5,13.7,0.0,0.0,18,14,0,19,42080,104,2
5,12.6,0.0,0.0,22,16,0,20,42080,104,0
5,11.4,0.0,0.0,22,21,0,21,42080,104,0
5,10.7,0.0,0.0,26,21,0,22,42080,104,1
5,9.9,0.0,0.0,27,18,0,23,42080,104,0
5,9.0,0.0,0.0,28,21,0,0,42080,104,0
5,8.3,0.0,0.0,24,18,0,1,42080,104,0
5,7.8,0.0,0.0,20,18,0,2,42080,104,0
5,7.2,0.0,0.0,0,26,0,3,42080,104,0
6,6.6,0.0,0.0,28,23,0,4,42080,104,0
6,6.3,0.0,0.0,21,21,0,5,42080,104,0
6,5.7,0.0,0.0,29,22,0,6,42080,104,1
6,5.5,0.0,0.0,29,22,0,7,42080,104,0
6,6.4,0.0,0.0,26,20,0,8,42080,104,5
6,8.8,0.0,0.0,27,27,0,9,42080,104,1
6,12.2,0.0,0.0,26,0,0,10,42080,104,1
6,15.1,0.0,0.0,40,32,0,11,42080,104,4
6,17.3,0.0,0.0,52,39,0,12,42080,104,0
6,18.9,0.0,0.0,50,35,0,13,42080,104,5
6,20.3,0.0,0.0,39,30,0,14,42080,104,5
6,20.4,0.0,0.0,38,30,0,15,42080,104,1
6,20.1,0.0,0.0,36,27,0,16,42080,104,4
6,18.0,0.0,0.0,38,21,0,17,42080,104,6
6,16.2,0.0,0.0,34,22,0,18,42080,104,1
6,14.2,0.0,0.0,31,25,0,19,42080,104,0
6,12.6,0.0,0.0,31,25,0,20,42080,104,3
6,11.5,0.0,0.0,39,30,0,21,42080,104,4
6,10.7,0.0,0.0,36,31,0,22,42080,104,0
6,9.7,0.0,0.0,31,0,0,23,42080,104,0
6,9.3,0.0,0.0,36,32,0,0,42080,104,0
6,8.9,0.0,0.0,38,0,0,1,42080,104,0
6,8.6,0.0,0.0,42,0,0,2,42080,104,0
6,8.1,0.0,0.0,40,37,0,3,42080,104,0
0,8.3,0.0,0.0,39,37,0,4,42080,104,0
0,8.3,0.0,0.0,36,0,0,5,42080,104,0
0,8.3,0.0,0.0,35,34,0,6,42080,104,0
0,8.2,0.0,0.0,28,0,0,7,42080,104,0
0,8.6,0.0,0.0,32,0,0,8,42080,104,0
0,10.0,0.0,0.0,40,35,0,9,42080,104,2
0,12.8,0.0,0.0,36,29,0,10,42080,104,2
0,15.1,0.0,0.0,45,29,0,11,42080,104,4
0,16.6,0.0,0.0,43,20,0,12,42080,104,0
0,18.3,0.0,0.0,32,18,0,13,42080,104,8
0,20.0,0.0,0.0,38,29,0,14,42080,104,1
0,20.7,0.0,0.0,0,26,0,15,42080,104,2
0,19.5,0.0,0.0,34,27,0,16,42080,104,2
0,18.1,0.0,0.0,41,30,0,17,42080,104,3
0,17.0,0.0,0.0,38,27,0,18,42080,104,2
0,16.5,0.0,0.0,36,27,0,19,42080,104,5
0,15.8,0.0,0.0,38,30,0,20,42080,104,1
0,15.1,0.0,0.0,39,28,0,21,42080,104,0
0,14.2,0.0,0.0,37,29,0,22,42080,104,0
0,13.0,0.0,0.0,33,29,0,23,42080,104,0
0,11.7,0.0,0.0,29,26,0,0,42080,104,0
0,10.8,0.0,0.0,37,25,0,1,42080,104,0
0,10.3,0.0,0.0,30,30,0,2,42080,104,0
0,9.6,0.0,0.0,37,33,0,3,42080,104,0
1,9.3,0.0,0.0,32,32,0,4,42080,104,0
1,8.8,0.0,0.0,37,32,0,5,42080,104,0
1,8.7,0.0,0.0,31,29,0,6,42080,104,0
1,8.6,0.0,0.0,29,0,0,7,42080,104,0
1,9.6,0.0,0.0,33,0,0,8,42080,104,0
1,10.3,0.2,0.0,36,0,0,9,42080,104,1
1,11.3,0.1,0.0,48,37,0,10,42080,104,0
1,12.4,0.1,0.0,0,37,0,11,42080,104,0
1,14.7,0.0,0.0,46,37,0,12,42080,104,0
1,18.1,0.0,0.0,46,19,0,13,42080,104,0
1,19.1,0.0,0.0,28,14,0,14,42080,104,0
1,19.4,0.0,0.0,29,21,0,15,42080,104,0
1,18.9,0.0,0.0,35,28,0,16,42080,104,0
1,18.0,0.0,0.0,34,26,0,17,42080,104,0
1,15.6,0.0,0.0,36,29,0,18,42080,104,0
1,14.8,0.0,0.0,42,27,0,19,42080,104,0
1,13.4,0.0,0.0,26,26,0,20,42080,104,1
1,12.5,0.0,0.0,31,29,0,21,42080,104,1
1,12.3,0.0,0.0,36,29,0,22,42080,104,0
1,11.3,0.0,0.0,40,29,0,23,42080,104,0
1,10.7,0.0,0.0,43,21,0,0,42080,104,0
1,9.7,0.0,0.0,41,21,0,1,42080,104,0
1,9.5,0.0,0.0,40,21,0,2,42080,104,0
1,8.9,0.0,0.0,39,27,0,3,42080,104,0
2,8.4,0.0,0.0,36,26,0,4,42080,104,0
2,8.2,0.0,0.0,37,21,0,5,42080,104,0
2,8.0,0.0,0.0,35,25,0,6,42080,104,0
2,7.7,0.0,0.0,29,18,0,7,42080,104,0
2,8.5,0.0,0.0,33,21,0,8,42080,104,0
2,10.5,0.0,0.0,30,23,0,9,42080,104,1
2,13.8,0.0,0.0,38,25,0,10,42080,104,1
2,15.6,0.0,0.0,50,18,0,11,42080,104,0
2,17.0,0.0,0.0,51,11,0,12,42080,104,0
2,17.7,0.0,0.0,37,11,0,13,42080,104,0
2,18.2,0.0,0.0,35,17,0,14,42080,104,0
2,18.8,0.0,0.0,37,18,0,15,42080,104,2
2,18.5,0.0,0.0,39,19,0,16,42080,104,2
2,16.9,0.0,0.0,34,24,0,17,42080,104,2
2,15.4,0.0,0.0,35,29,0,18,42080,104,2
2,14.5,0.0,0.0,40,23,0,19,42080,104,0
2,13.1,0.0,0.0,36,23,0,20,42080,104,3
2,12.3,0.0,0.0,35,27,0,21,42080,104,0
2,11.3,0.0,0.0,31,31,0,22,42080,104,1
2,10.6,0.0,0.0,36,28,0,23,42080,104,0
2,9.7,0.0,0.0,29,20,0,0,42080,104,0
2,8.9,0.0,0.0,37,15,0,1,42080,104,0
2,8.4,0.0,0.0,33,16,0,2,42080,104,0
2,7.7,0.0,0.0,30,23,0,3,42080,104,0
3,7.4,0.0,0.0,29,20,0,4,42080,104,0
3,6.9,0.0,0.0,27,20,0,5,42080,104,0
3,7.0,0.0,0.0,23,18,0,6,42080,104,0
3,7.6,0.0,0.0,22,0,0,7,42080,104,1
3,8.2,0.0,0.0,34,22,0,8,42080,104,3
3,8.6,0.0,0.0,36,22,0,9,42080,104,2
3,10.8,0.0,0.0,36,27,0,10,42080,104,0
3,14.4,0.0,0.0,41,33,0,11,42080,104,0
3,17.3,0.0,0.0,48,30,0,12,42080,104,1
3,18.8,0.0,0.0,44,23,0,13,42080,104,0
3,19.7,0.0,0.0,44,24,0,14,42080,104,0
3,21.2,0.0,0.0,42,18,0,15,42080,104,2
3,20.8,0.0,0.0,25,13,0,16,42080,104,1
3,19.6,0.0,0.0,33,15,0,17,42080,104,0
3,17.4,0.0,0.0,32,16,0,18,42080,104,3
3,15.6,0.0,0.0,22,15,0,19,42080,104,3
3,13.9,0.0,0.0,21,0,0,20,42080,104,1
3,12.5,0.0,0.0,32,26,0,21,42080,104,0
3,11.5,0.0,0.0,38,28,0,22,42080,104,0
3,10.6,0.0,0.0,31,29,0,23,42080,104,0
3,10.4,0.0,0.0,31,25,0,0,42080,104,0
3,10.6,0.0,0.0,37,28,0,1,42080,104,0
3,10.3,0.0,0.0,0,32,0,2,42080,104,0
3,10.5,0.0,0.0,32,32,0,3,42080,104,0
4,10.6,0.0,0.0,25,25,0,4,42080,104,0
4,10.8,0.0,0.0,26,26,0,5,42080,104,0
4,10.5,0.6,0.0,29,25,0,6,42080,104,0
4,10.3,0.2,0.0,24,0,0,7,42080,104,5
4,10.5,0.1,0.0,27,0,0,8,42080,104,2
4,11.0,0.0,0.0,25,0,0,9,42080,104,1
4,11.5,0.2,0.0,22,0,0,10,42080,104,0
4,11.9,0.4,0.0,29,27,0,11,42080,104,0
4,12.3,1.7,0.0,28,0,0,12,42080,104,0
4,12.5,2.0,0.0,35,0,0,13,42080,104,1
4,12.6,4.1,0.0,32,24,0,14,42080,104,4
4,13.1,3.9,0.0,26,18,0,15,42080,104,4
4,13.3,7.2,0.0,25,16,0,16,42080,104,0
4,13.4,1.1,0.0,14,13,0,17,42080,104,0
4,12.5,0.0,0.0,14,8,0,18,42080,104,3
4,11.2,0.0,0.0,13,8,0,19,42080,104,2
4,11.2,0.0,0.0,22,8,0,20,42080,104,2
4,11.5,0.2,0.0,24,11,0,21,42080,104,2
4,11.1,0.0,0.0,14,12,0,22,42080,104,7
4,11.7,0.0,0.0,24,4,0,23,42080,104,0
4,11.4,0.0,0.0,34,3,0,0,42080,104,0
4,10.7,0.0,0.0,31,3,0,1,42080,104,0
4,10.2,0.0,0.0,29,8,0,2,42080,104,0
4,9.3,0.0,0.0,22,11,0,3,42080,104,0
5,9.8,0.0,0.0,15,9,0,4,42080,104,0
5,9.6,0.0,0.0,21,12,0,5,42080,104,0
5,8.7,0.2,0.0,26,10,0,6,42080,104,0
5,8.6,0.0,0.0,15,13,0,7,42080,104,0
5,9.5,0.0,0.0,19,10,0,8,42080,104,0
5,11.8,0.0,0.0,14,8,0,9,42080,104,1
5,13.0,0.0,0.0,12,7,0,10,42080,104,0
5,12.4,0.0,0.0,27,8,0,11,42080,104,0
5,13.5,0.0,0.0,25,7,0,12,42080,104,0
5,13.0,0.0,0.0,24,6,0,13,42080,104,1
5,13.1,0.0,0.0,28,8,0,14,42080,104,5
5,14.2,0.0,0.0,26,5,0,15,42080,104,0
5,12.5,0.0,0.0,35,7,0,16,42080,104,12
5,11.5,0.0,0.0,24,6,0,17,42080,104,2
5,10.5,0.0,0.0,22,6,0,18,42080,104,7
5,9.6,0.0,0.0,27,7,0,19,42080,104,4
5,8.9,0.0,0.0,23,5,0,20,42080,104,0
5,7.9,0.0,0.0,19,9,0,21,42080,104,3
5,7.4,0.0,0.0,17,6,0,22,42080,104,0
5,6.9,0.0,0.0,22,8,0,23,42080,104,0
5,6.2,0.0,0.0,18,12,0,0,42080,104,0
5,6.5,0.0,0.0,12,10,0,1,42080,104,0
5,6.9,0.0,0.0,13,11,0,2,42080,104,0
5,6.8,0.0,0.0,18,10,0,3,42080,104,0
6,6.6,0.0,0.0,15,12,0,4,42080,104,0
6,6.4,0.0,0.0,28,12,0,5,42080,104,0
6,6.0,0.0,0.0,9,8,0,6,42080,104,0
6,6.2,0.0,0.0,12,6,0,7,42080,104,0
6,7.6,0.0,0.0,22,13,0,8,42080,104,0
6,11.4,0.0,0.0,18,9,0,9,42080,104,0
6,14.4,0.0,0.0,22,9,0,10,42080,104,1
6,10.1,1.4,0.0,18,9,0,11,42080,104,0
6,11.3,0.3,0.0,32,9,0,12,42080,104,4
6,12.3,0.0,0.0,18,17,0,13,42080,104,10
6,16.0,0.0,0.0,18,0,0,14,42080,104,0
6,10.9,5.8,0.0,34,15,0,15,42080,104,0
6,11.2,4.7,0.0,23,10,0,16,42080,104,0
6,11.4,1.0,0.0,0,11,0,17,42080,104,3
6,10.9,0.0,0.0,11,0,0,18,42080,104,2
6,10.3,0.0,0.0,16,0,0,19,42080,104,0
6,10.2,0.0,0.0,18,0,0,20,42080,104,0
6,9.9,0.0,0.0,18,17,0,21,42080,104,0
6,9.6,0.0,0.0,26,15,0,22,42080,104,0
6,9.3,0.0,0.0,21,6,0,23,42080,104,0
6,8.3,0.0,0.0,14,6,0,0,42080,104,0
6,7.4,0.0,0.0,13,3,0,1,42080,104,0
6,6.6,0.0,0.0,12,8,0,2,42080,104,0
6,6.4,0.0,0.0,21,8,0,3,42080,104,0
0,6.8,0.0,0.0,12,11,0,4,42080,104,0
0,6.9,0.1,0.0,11,8,0,5,42080,104,0
0,6.6,0.0,0.0,7,0,0,6,42080,104,0
0,6.6,0.0,0.0,18,14,0,7,42080,104,0
0,6.6,0.0,0.0,0,10,0,8,42080,104,0
0,8.6,0.0,0.0,0,13,0,9,42080,104,0
0,9.7,0.0,0.0,0,23,0,10,42080,104,0
0,10.9,0.0,0.0,39,24,0,11,42080,104,0
0,11.1,0.0,0.0,36,20,0,12,42080,104,1
0,11.6,0.1,0.0,31,14,0,13,42080,104,3
0,13.1,0.0,0.0,13,4,0,14,42080,104,0
0,12.8,0.0,0.0,15,10,0,15,42080,104,0
0,13.3,0.0,0.0,15,8,0,16,42080,104,1
0,12.3,0.0,0.0,14,11,0,17,42080,104,4
0,11.0,0.0,0.0,18,6,0,18,42080,104,3
0,9.4,0.0,0.0,18,9,0,19,42080,104,0
0,9.1,0.0,0.0,20,12,0,20,42080,104,7
0,8.7,0.0,0.0,13,10,0,21,42080,104,3
0,8.1,0.0,0.0,16,8,0,22,42080,104,0
0,7.9,0.0,0.0,17,11,0,23,42080,104,0
0,7.2,0.0,0.0,19,10,0,0,42080,104,0
0,6.3,0.0,0.0,19,10,0,1,42080,104,0
0,5.0,0.0,0.0,28,18,0,2,42080,104,0
0,4.0,0.0,0.0,23,17,0,3,42080,104,0
1,3.3,0.0,0.0,23,13,0,4,42080,104,0
1,3.0,0.0,0.0,24,17,0,5,42080,104,0
1,2.1,0.0,0.0,14,13,0,6,42080,104,0
1,1.6,0.0,0.0,29,14,0,7,42080,104,0
1,2.5,0.0,0.0,33,14,0,8,42080,104,0
1,5.4,0.0,0.0,25,18,0,9,42080,104,0
1,7.4,0.0,0.0,33,17,0,10,42080,104,0
1,9.0,0.0,0.0,23,12,0,11,42080,104,0
1,10.0,0.0,0.0,27,11,0,12,42080,104,0
1,10.9,0.0,0.0,21,6,0,13,42080,104,0
1,12.1,0.0,0.0,27,13,0,14,42080,104,0
1,12.7,0.0,0.0,27,13,0,15,42080,104,2
1,12.3,0.0,0.0,21,18,0,16,42080,104,0
1,10.6,0.0,0.0,27,17,0,17,42080,104,0
1,9.4,0.0,0.0,23,15,0,18,42080,104,0
1,7.7,0.0,0.0,19,19,0,19,42080,104,0
1,6.5,0.0,0.0,20,17,0,20,42080,104,0
1,6.1,0.0,0.0,23,18,0,21,42080,104,3
1,5.7,0.0,0.0,19,15,0,22,42080,104,2
1,5.1,0.0,0.0,18,16,0,23,42080,104,0
1,4.5,0.0,0.0,31,15,0,0,42080,104,0
1,4.0,0.0,0.0,22,21,0,1,42080,104,0
1,3.9,0.0,0.0,15,0,0,2,42080,104,0
1,4.4,0.0,0.0,17,0,0,3,42080,104,0
2,4.8,0.0,0.0,0,17,0,4,42080,104,0
2,5.0,0.0,0.0,20,18,0,5,42080,104,0
2,5.3,0.0,0.0,17,15,0,6,42080,104,0
2,5.4,0.0,0.0,0,20,0,7,42080,104,0
2,5.7,0.0,0.0,23,18,0,8,42080,104,0
2,7.6,0.0,0.0,24,18,0,9,42080,104,4
2,9.6,0.0,0.0,26,17,0,10,42080,104,2
2,11.1,0.0,0.0,19,12,0,11,42080,104,2
2,12.3,0.0,0.0,17,10,0,12,42080,104,0
2,13.1,0.0,0.0,29,16,0,13,42080,104,0
2,14.0,0.0,0.0,20,16,0,14,42080,104,0
2,14.2,0.0,0.0,0,16,0,15,42080,104,4
2,13.6,0.0,0.0,27,15,0,16,42080,104,0
2,11.7,0.0,0.0,16,0,0,17,42080,104,3
2,9.7,0.0,0.0,15,9,0,18,42080,104,4
2,8.2,0.0,0.0,19,14,0,19,42080,104,0
2,7.2,0.0,0.0,26,13,0,20,42080,104,1
2,6.5,0.0,0.0,26,19,0,21,42080,104,1
2,6.1,0.0,0.0,26,20,0,22,42080,104,0
2,5.3,0.0,0.0,25,20,0,23,42080,104,0
2,4.6,0.0,0.0,28,18,0,0,42080,104,0
2,3.9,0.0,0.0,26,14,0,1,42080,104,0
2,3.5,0.0,0.0,21,19,0,2,42080,104,0
2,2.9,0.0,0.0,25,24,0,3,42080,104,0
3,2.7,0.0,0.0,0,20,0,4,42080,104,0
3,2.2,0.0,0.0,22,20,0,5,42080,104,0
3,1.7,0.0,0.0,22,19,0,6,42080,104,0
3,1.5,0.0,0.0,22,16,0,7,42080,104,4
3,2.4,0.0,0.0,23,19,0,8,42080,104,0
3,4.9,0.0,0.0,30,23,0,9,42080,104,0
3,8.0,0.0,0.0,31,24,0,10,42080,104,0
3,10.8,0.0,0.0,40,21,0,11,42080,104,0
3,12.5,0.0,0.0,34,18,0,12,42080,104,0
3,14.0,0.0,0.0,34,14,0,13,42080,104,0
3,14.9,0.0,0.0,26,15,0,14,42080,104,1
3,15.5,0.0,0.0,28,20,0,15,42080,104,2
3,15.5,0.0,0.0,25,18,0,16,42080,104,0
3,13.5,0.0,0.0,29,15,0,17,42080,104,4
3,11.5,0.0,0.0,24,8,0,18,42080,104,4
3,9.8,0.0,0.0,22,17,0,19,42080,104,0
3,8.7,0.0,0.0,24,16,0,20,42080,104,0
3,7.5,0.0,0.0,23,15,0,21,42080,104,0
3,6.6,0.0,0.0,29,19,0,22,42080,104,1
3,5.6,0.0,0.0,30,22,0,23,42080,104,0
3,5.0,0.0,0.0,27,19,0,0,42080,104,0
3,4.2,0.0,0.0,20,20,0,1,42080,104,0
3,3.8,0.0,0.0,25,20,0,2,42080,104,0
3,3.3,0.0,0.0,32,21,0,3,42080,104,0
4,2.8,0.0,0.0,20,19,0,4,42080,104,0
4,2.5,0.0,0.0,26,19,0,5,42080,104,0
4,2.1,0.0,0.0,22,18,0,6,42080,104,0
4,1.8,0.0,0.0,29,19,0,7,42080,104,6
4,2.4,0.0,0.0,0,20,0,8,42080,104,1
4,5.2,0.0,0.0,33,25,0,9,42080,104,2
4,9.1,0.0,0.0,0,31,0,10,42080,104,1
4,12.5,0.0,0.0,50,36,0,11,42080,104,0
4,14.9,0.0,0.0,40,30,0,12,42080,104,0
4,16.7,0.0,0.0,48,33,0,13,42080,104,0
4,17.8,0.0,0.0,40,35,0,14,42080,104,0
4,18.5,0.0,0.0,36,30,0,15,42080,104,2
4,18.2,0.0,0.0,34,22,0,16,42080,104,0
4,15.9,0.0,0.0,25,15,0,17,42080,104,0
4,13.6,0.0,0.0,33,16,0,18,42080,104,3
4,11.9,0.0,0.0,31,25,0,19,42080,104,2
4,10.6,0.0,0.0,33,28,0,20,42080,104,4
4,9.3,0.0,0.0,38,30,0,21,42080,104,7
4,8.1,0.0,0.0,37,28,0,22,42080,104,1
4,7.4,0.0,0.0,40,31,0,23,42080,104,0
4,6.4,0.0,0.0,38,27,0,0,42080,104,0
4,5.8,0.0,0.0,37,29,0,1,42080,104,0
4,5.1,0.0,0.0,34,34,0,2,42080,104,0
4,4.6,0.0,0.0,31,28,0,3,42080,104,0
5,4.0,0.0,0.0,38,29,0,4,42080,104,0
5,4.0,0.0,0.0,29,24,0,5,42080,104,0
5,3.3,0.0,0.0,35,26,0,6,42080,104,0
5,3.1,0.0,0.0,28,26,0,7,42080,104,0
5,3.4,0.0,0.0,29,26,0,8,42080,104,0
5,6.5,0.0,0.0,38,30,0,9,42080,104,2
5,9.5,0.0,0.0,34,0,0,10,42080,104,0
5,13.0,0.0,0.0,52,32,0,11,42080,104,0
5,16.1,0.0,0.0,51,42,0,12,42080,104,0
5,18.0,0.0,0.0,56,46,0,13,42080,104,6
5,18.9,0.0,0.0,57,51,0,14,42080,104,6
5,18.8,0.0,0.0,42,38,0,15,42080,104,3
5,18.3,0.0,0.0,37,32,0,16,42080,104,5
5,16.2,0.0,0.0,30,22,0,17,42080,104,0
5,14.3,0.0,0.0,26,13,0,18,42080,104,0
5,12.3,0.0,0.0,28,13,0,19,42080,104,1
5,11.0,0.0,0.0,30,18,0,20,42080,104,0
5,9.8,0.0,0.0,27,23,0,21,42080,104,0
5,8.8,0.0,0.0,35,28,0,22,42080,104,2
5,7.7,0.0,0.0,39,31,0,23,42080,104,0
5,6.9,0.0,0.0,30,0,0,0,42080,104,0
5,6.3,0.0,0.0,44,32,0,1,42080,104,0
5,5.6,0.0,0.0,0,38,0,2,42080,104,0
5,5.1,0.0,0.0,35,0,0,3,42080,104,0
6,4.7,0.0,0.0,44,41,0,4,42080,104,0
6,4.3,0.0,0.0,34,0,0,5,42080,104,0
6,4.0,0.0,0.0,39,35,0,6,42080,104,0
6,3.7,0.0,0.0,42,29,0,7,42080,104,0
6,4.2,0.0,0.0,50,30,0,8,42080,104,8
6,6.8,0.0,0.0,0,39,0,9,42080,104,2
6,9.8,0.0,0.0,46,43,0,10,42080,104,0
6,13.4,0.0,0.0,53,52,0,11,42080,104,0
6,16.0,0.0,0.0,55,52,0,12,42080,104,0
6,17.5,0.0,0.0,60,48,0,13,42080,104,4
6,17.6,0.0,0.0,42,27,0,14,42080,104,11
6,18.5,0.0,0.0,38,0,0,15,42080,104,1
6,18.3,0.0,0.0,45,0,0,16,42080,104,4
6,16.1,0.0,0.0,46,37,0,17,42080,104,2
6,13.9,0.0,0.0,35,28,0,18,42080,104,0
6,12.2,0.0,0.0,39,27,0,19,42080,104,1
6,10.8,0.0,0.0,31,29,0,20,42080,104,0
6,9.8,0.0,0.0,36,30,0,21,42080,104,0
6,9.0,0.0,0.0,42,34,0,22,42080,104,0
6,8.1,0.0,0.0,36,33,0,23,42080,104,0
6,7.2,0.0,0.0,37,0,0,0,42080,104,0
6,6.5,0.0,0.0,42,34,0,1,42080,104,0
6,5.9,0.0,0.0,45,45,0,2,42080,104,0
6,5.7,0.0,0.0,0,44,0,3,42080,104,0
0,5.2,0.0,0.0,40,37,0,4,42080,104,0
0,4.8,0.0,0.0,38,0,0,5,42080,104,0
0,4.3,0.0,0.0,37,30,0,6,42080,104,0
0,4.2,0.0,0.0,34,28,0,7,42080,104,0
0,4.8,0.0,0.0,34,31,0,8,42080,104,1
0,7.4,0.0,0.0,41,38,0,9,42080,104,2
0,10.6,0.0,0.0,54,48,0,10,42080,104,2
0,12.9,0.0,0.0,71,57,0,11,42080,104,0
0,15.9,0.0,0.0,70,67,0,12,42080,104,1
0,17.1,0.0,0.0,73,50,0,13,42080,104,3
0,17.7,0.0,0.0,45,42,0,14,42080,104,4
0,16.9,0.0,0.0,37,35,0,15,42080,104,9
0,17.1,0.0,0.0,46,21,0,16,42080,104,2
0,16.2,0.0,0.0,27,16,0,17,42080,104,3
0,14.3,0.0,0.0,31,15,0,18,42080,104,2
0,12.9,0.0,0.0,25,25,0,19,42080,104,4
0,11.8,0.0,0.0,34,28,0,20,42080,104,2
0,11.1,0.0,0.0,46,41,0,21,42080,104,2
0,9.6,0.0,0.0,56,45,0,22,42080,104,4
0,9.0,0.0,0.0,53,48,0,23,42080,104,0
0,8.1,0.0,0.0,58,51,0,0,42080,104,0
0,7.6,0.0,0.0,55,53,0,1,42080,104,0
0,7.3,0.0,0.0,52,0,0,2,42080,104,0
0,6.6,0.0,0.0,54,0,0,3,42080,104,0
1,6.2,0.0,0.0,61,53,0,4,42080,104,0
1,6.0,0.0,0.0,53,49,0,5,42080,104,0
1,5.6,0.0,0.0,56,45,0,6,42080,104,0
1,5.3,0.0,0.0,56,46,0,7,42080,104,0
1,6.1,0.0,0.0,54,41,0,8,42080,104,0
1,7.7,0.0,0.0,54,50,0,9,42080,104,0
1,10.3,0.0,0.0,58,55,0,10,42080,104,0
1,12.4,0.0,0.0,71,59,0,11,42080,104,0
1,14.1,0.0,0.0,0,64,0,12,42080,104,2
1,17.1,0.0,0.0,61,56,0,13,42080,104,7
1,18.4,0.0,0.0,0,58,0,14,42080,104,13
1,19.4,0.0,0.0,0,52,0,15,42080,104,1
1,18.1,0.0,0.0,0,49,0,16,42080,104,2
1,16.7,0.0,0.0,53,47,0,17,42080,104,2
1,15.1,0.0,0.0,53,47,0,18,42080,104,1
1,13.6,0.0,0.0,46,46,0,19,42080,104,0
1,12.6,0.0,0.0,48,48,0,20,42080,104,0
1,12.3,0.0,0.0,58,46,0,21,42080,104,1
1,11.8,0.0,0.0,64,55,0,22,42080,104,0
1,11.7,0.0,0.0,0,57,0,23,42080,104,0
1,11.4,0.0,0.0,62,62,0,0,42080,104,0
1,11.3,0.0,0.0,65,53,0,1,42080,104,0
1,11.5,0.0,0.0,58,0,0,2,42080,104,0
1,11.4,0.0,0.0,67,0,0,3,42080,104,0
2,11.3,0.0,0.0,78,0,0,4,42080,104,0
2,11.2,0.0,0.0,80,0,0,5,42080,104,0
2,11.1,0.2,0.0,81,0,0,6,42080,104,0
2,11.0,0.0,0.0,85,0,0,7,42080,104,6
2,11.1,0.0,0.0,88,0,0,8,42080,104,2
2,11.5,0.4,0.0,0,83,0,9,42080,104,4
2,12.2,0.0,0.0,0,96,0,10,42080,104,1
2,12.7,0.0,0.0,0,129,0,11,42080,104,0
2,13.2,0.1,0.0,0,145,0,12,42080,104,0
2,13.8,0.0,0.0,0,145,0,13,42080,104,1
2,13.9,0.0,0.0,0,138,0,14,42080,104,2
2,14.0,0.0,0.0,0,127,0,15,42080,104,5
2,13.9,0.0,0.0,0,132,0,16,42080,104,2
2,13.8,0.0,0.0,0,105,0,17,42080,104,4
2,13.6,0.4,0.0,0,93,0,18,42080,104,3
2,13.4,0.0,0.0,0,88,0,19,42080,104,4
2,13.2,0.0,0.0,0,87,0,20,42080,104,0
2,13.2,0.0,0.0,98,73,0,21,42080,104,0
2,13.1,0.0,0.0,95,70,0,22,42080,104,3
2,13.0,0.0,0.0,92,83,0,23,42080,104,0
2,13.0,0.1,0.0,82,77,0,0,42080,104,0
2,12.8,0.0,0.0,76,72,0,1,42080,104,0
2,12.6,0.0,0.0,78,61,0,2,42080,104,0
2,12.6,0.2,0.0,67,59,0,3,42080,104,0
3,12.7,0.0,0.0,70,49,0,4,42080,104,0
3,12.8,0.0,0.0,61,31,0,5,42080,104,0
3,12.8,2.0,0.0,54,22,0,6,42080,104,0
3,13.2,0.0,0.0,38,15,0,7,42080,104,5
3,13.2,0.0,0.0,46,4,0,8,42080,104,1
3,13.6,1.6,0.0,31,3,0,9,42080,104,0
3,13.7,0.0,0.0,24,3,0,10,42080,104,0
3,14.0,0.0,0.0,31,3,0,11,42080,104,0
3,14.3,9.1,0.0,28,3,0,12,42080,104,0
3,14.6,0.0,0.0,26,3,0,13,42080,104,0
3,14.8,0.0,0.0,20,4,0,14,42080,104,0
3,14.9,0.7,0.0,24,9,0,15,42080,104,2
3,14.8,0.0,0.0,21,15,0,16,42080,104,0
3,14.7,0.0,0.0,27,14,0,17,42080,104,0
3,15.0,9.7,0.0,23,13,0,18,42080,104,6
3,15.5,0.0,0.0,25,13,0,19,42080,104,4
3,16.2,0.0,0.0,25,9,0,20,42080,104,0
3,15.2,12.2,0.0,14,3,0,21,42080,104,0
3,14.9,0.0,0.0,11,3,0,22,42080,104,1
3,13.7,0.0,0.0,12,3,0,23,42080,104,0
3,13.3,1.6,0.0,14,4,0,0,42080,104,0
3,12.7,0.0,0.0,14,4,0,1,42080,104,0
3,12.4,0.0,0.0,14,6,0,2,42080,104,0
3,12.2,0.3,0.0,14,3,0,3,42080,104,0
4,12.0,0.0,0.0,13,5,0,4,42080,104,0
4,12.0,0.0,0.0,9,5,0,5,42080,104,0
4,11.8,0.0,0.0,14,9,0,6,42080,104,0
4,11.3,0.0,0.0,28,10,0,7,42080,104,0
4,11.4,0.0,0.0,30,13,0,8,42080,104,0
4,11.6,0.7,0.0,27,24,0,9,42080,104,0
4,11.5,0.0,0.0,47,26,0,10,42080,104,0
4,11.7,0.0,0.0,45,35,0,11,42080,104,5
4,12.3,0.0,0.0,61,42,0,12,42080,104,5
4,13.6,0.0,0.0,65,41,0,13,42080,104,9
4,14.5,0.0,0.0,68,44,0,14,42080,104,0
4,14.3,0.0,0.0,72,56,0,15,42080,104,2
4,14.2,0.0,0.0,68,52,0,16,42080,104,3
4,13.5,0.0,0.0,72,42,0,17,42080,104,5
4,12.5,0.0,0.0,59,28,0,18,42080,104,14
4,11.4,0.0,0.0,57,20,0,19,42080,104,1
4,10.9,0.0,0.0,51,25,0,20,42080,104,5
4,9.8,0.0,0.0,55,28,0,21,42080,104,3
4,9.3,0.0,0.0,50,27,0,22,42080,104,1
4,8.5,0.0,0.0,53,25,0,23,42080,104,0
4,7.9,0.0,0.0,47,21,0,0,42080,104,0
4,7.5,0.0,0.0,50,17,0,1,42080,104,0
4,7.3,0.0,0.0,47,24,0,2,42080,104,0
4,7.0,0.0,0.0,52,29,0,3,42080,104,0
5,7.0,0.0,0.0,51,26,0,4,42080,104,0
5,6.9,0.0,0.0,47,24,0,5,42080,104,0
5,6.4,0.0,0.0,50,23,0,6,42080,104,0
5,6.4,0.0,0.0,48,22,0,7,42080,104,0
5,6.6,0.0,0.0,49,18,0,8,42080,104,0
5,8.6,0.0,0.0,44,26,0,9,42080,104,0
5,11.9,0.0,0.0,47,39,0,10,42080,104,1
5,14.6,0.0,0.0,61,30,0,11,42080,104,0
5,16.2,0.0,0.0,49,13,0,12,42080,104,10
5,17.1,0.0,0.0,48,11,0,13,42080,104,8
5,16.6,0.0,0.0,52,29,0,14,42080,104,3
5,16.4,0.0,0.0,58,38,0,15,42080,104,0
5,17.1,0.0,0.0,53,34,0,16,42080,104,0
5,15.9,0.0,0.0,55,26,0,17,42080,104,0
5,14.5,0.0,0.0,43,21,0,18,42080,104,1
5,12.9,0.0,0.0,46,28,0,19,42080,104,2
5,12.0,0.0,0.0,49,32,0,20,42080,104,0
5,11.1,0.0,0.0,51,34,0,21,42080,104,0
5,10.3,0.0,0.0,60,42,0,22,42080,104,3
5,9.4,0.0,0.0,70,37,0,23,42080,104,0
5,8.5,0.0,0.0,54,33,0,0,42080,104,0
5,8.1,0.0,0.0,64,22,0,1,42080,104,0
5,7.5,0.0,0.0,60,23,0,2,42080,104,0
5,6.8,0.0,0.0,69,30,0,3,42080,104,0
6,6.9,0.0,0.0,70,36,0,4,42080,104,0
6,7.2,0.0,0.0,64,33,0,5,42080,104,0
6,7.5,0.0,0.0,61,24,0,6,42080,104,0
6,7.8,0.0,0.0,65,20,0,7,42080,104,0
6,8.0,0.0,0.0,66,18,0,8,42080,104,2
6,8.8,0.0,0.0,68,14,0,9,42080,104,1
6,9.3,0.0,0.0,70,22,0,10,42080,104,0
6,10.0,0.0,0.0,88,33,0,11,42080,104,0
6,10.6,0.0,0.0,68,50,0,12,42080,104,0
6,10.9,0.0,0.0,75,56,0,13,42080,104,3
6,11.3,0.0,0.0,70,69,0,14,42080,104,13
6,11.3,0.0,0.0,74,69,0,15,42080,104,1
6,11.5,0.0,0.0,67,65,0,16,42080,104,4
6,11.1,0.0,0.0,82,62,0,17,42080,104,1
6,10.6,0.0,0.0,80,60,0,18,42080,104,2
6,10.3,0.0,0.0,80,62,0,19,42080,104,4
6,10.2,0.0,0.0,81,67,0,20,42080,104,1
6,10.3,0.0,0.0,84,68,0,21,42080,104,2
6,10.3,0.0,0.0,81,69,0,22,42080,104,0
6,9.9,0.0,0.0,87,77,0,23,42080,104,0
6,9.8,0.0,0.0,91,86,0,0,42080,104,0
6,9.5,0.0,0.0,94,71,0,1,42080,104,0
6,8.4,0.0,0.0,92,73,0,2,42080,104,0
6,7.2,0.0,0.0,88,68,0,3,42080,104,0
0,6.5,0.0,0.0,75,53,0,4,42080,104,0
0,5.8,0.0,0.0,66,48,0,5,42080,104,0
0,5.3,0.0,0.0,62,36,0,6,42080,104,1
0,4.8,0.0,0.0,54,29,0,7,42080,104,0
0,5.1,0.0,0.0,64,30,0,8,42080,104,0
0,6.8,0.0,0.0,50,35,0,9,42080,104,0
0,9.4,0.0,0.0,71,15,0,10,42080,104,0
0,11.3,0.0,0.0,36,4,0,11,42080,104,5
0,12.5,0.0,0.0,46,3,0,12,42080,104,3
0,13.5,0.0,0.0,29,3,0,13,42080,104,3
0,14.6,0.0,0.0,27,4,0,14,42080,104,0
0,14.2,0.0,0.0,28,10,0,15,42080,104,5
0,14.2,0.0,0.0,24,16,0,16,42080,104,1
0,12.2,0.0,0.0,30,12,0,17,42080,104,0
0,10.4,0.0,0.0,30,11,0,18,42080,104,3
0,9.0,0.0,0.0,42,12,0,19,42080,104,0
0,8.7,0.0,0.0,25,14,0,20,42080,104,7
0,8.1,0.0,0.0,32,24,0,21,42080,104,0
0,7.6,0.0,0.0,46,32,0,22,42080,104,2
0,6.7,0.0,0.0,50,36,0,23,42080,104,0
0,5.8,0.0,0.0,47,30,0,0,42080,104,0
0,5.0,0.0,0.0,51,26,0,1,42080,104,0
0,4.5,0.0,0.0,43,22,0,2,42080,104,0
0,4.0,0.0,0.0,43,28,0,3,42080,104,0
1,3.5,0.0,0.0,46,31,0,4,42080,104,0
1,3.2,0.0,0.0,32,28,0,5,42080,104,0
1,3.1,0.0,0.0,45,25,0,6,42080,104,0
1,3.3,0.0,0.0,40,20,0,7,42080,104,0
1,3.9,0.0,0.0,41,25,0,8,42080,104,0
1,5.4,0.0,0.0,38,25,0,9,42080,104,0
1,7.4,0.0,0.0,48,33,0,10,42080,104,0
1,10.1,0.0,0.0,56,36,0,11,42080,104,2
1,12.4,0.0,0.0,66,39,0,12,42080,104,0
1,13.2,0.0,0.0,58,32,0,13,42080,104,0
1,14.7,0.0,0.0,44,26,0,14,42080,104,0
1,14.9,0.0,0.0,29,13,0,15,42080,104,2
1,15.1,0.0,0.0,29,13,0,16,42080,104,1
1,13.3,0.0,0.0,26,10,0,17,42080,104,7
1,11.3,0.0,0.0,31,18,0,18,42080,104,2
1,10.1,0.0,0.0,35,22,0,19,42080,104,0
1,9.4,0.0,0.0,39,24,0,20,42080,104,1
1,8.5,0.0,0.0,36,24,0,21,42080,104,1
1,8.3,0.0,0.0,45,29,0,22,42080,104,0
1,7.2,0.0,0.0,54,33,0,23,42080,104,0
1,6.8,0.0,0.0,47,26,0,0,42080,104,0
1,6.1,0.0,0.0,42,18,0,1,42080,104,0
1,5.3,0.0,0.0,41,27,0,2,42080,104,0
1,5.0,0.0,0.0,50,34,0,3,42080,104,0
2,4.5,0.0,0.0,49,28,0,4,42080,104,0
2,4.1,0.0,0.0,41,27,0,5,42080,104,0
2,3.8,0.0,0.0,46,22,0,6,42080,104,0
2,3.4,0.0,0.0,50,23,0,7,42080,104,0
2,3.7,0.0,0.0,43,19,0,8,42080,104,0
2,5.6,0.0,0.0,38,28,0,9,42080,104,1
2,9.0,0.0,0.0,53,34,0,10,42080,104,0
2,11.9,0.0,0.0,54,47,0,11,42080,104,0
2,13.9,0.0,0.0,60,46,0,12,42080,104,0
2,15.6,0.0,0.0,60,29,0,13,42080,104,0
2,15.9,0.0,0.0,42,12,0,14,42080,104,0
2,16.0,0.0,0.0,35,14,0,15,42080,104,4
2,16.3,0.0,0.0,29,10,0,16,42080,104,7
2,14.1,0.0,0.0,26,13,0,17,42080,104,6
2,12.2,0.0,0.0,33,19,0,18,42080,104,3
2,10.9,0.0,0.0,32,20,0,19,42080,104,3
2,10.1,0.0,0.0,40,23,0,20,42080,104,1
2,9.0,0.0,0.0,43,28,0,21,42080,104,2
2,8.0,0.0,0.0,43,26,0,22,42080,104,2
2,7.4,0.0,0.0,48,34,0,23,42080,104,0
2,6.5,0.0,0.0,41,24,0,0,42080,104,0
2,6.0,0.0,0.0,52,22,0,1,42080,104,0
2,5.3,0.0,0.0,27,0,0,2,42080,104,0
2,4.9,0.0,0.0,34,27,0,3,42080,104,0
3,4.3,0.0,0.0,43,26,0,4,42080,104,0
3,4.0,0.0,0.0,40,24,0,5,42080,104,0
3,3.7,0.0,0.0,35,21,0,6,42080,104,0
3,3.3,0.0,0.0,43,23,0,7,42080,104,0
3,3.4,0.0,0.0,43,23,0,8,42080,104,3
3,5.9,0.0,0.0,46,33,0,9,42080,104,1
3,8.6,0.0,0.0,106,42,0,10,42080,104,3
3,10.6,0.0,0.0,61,27,0,11,42080,104,2
3,13.2,0.0,0.0,51,23,0,12,42080,104,0
3,14.9,0.0,0.0,56,18,0,13,42080,104,2
3,15.7,0.0,0.0,46,25,0,14,42080,104,4
3,16.3,0.0,0.0,41,26,0,15,42080,104,3
3,16.4,0.0,0.0,44,20,0,16,42080,104,2
3,14.4,0.0,0.0,36,18,0,17,42080,104,0
3,12.8,0.0,0.0,35,18,0,18,42080,104,2
3,11.6,0.0,0.0,39,22,0,19,42080,104,0
3,10.2,0.0,0.0,0,0,0,20,42080,104,1
3,9.3,0.0,0.0,48,29,0,21,42080,104,3
3,8.3,0.0,0.0,50,27,0,22,42080,104,0
3,7.5,0.0,0.0,44,26,0,23,42080,104,0
3,7.0,0.0,0.0,50,27,0,0,42080,104,0
3,6.6,0.0,0.0,41,27,0,1,42080,104,0
3,6.8,0.0,0.0,44,32,0,2,42080,104,0
3,6.9,0.0,0.0,44,33,0,3,42080,104,0
4,6.6,0.0,0.0,46,35,0,4,42080,104,0
4,6.4,0.0,0.0,41,31,0,5,42080,104,0
4,6.3,0.0,0.0,44,31,0,6,42080,104,0
4,6.4,0.0,0.0,39,31,0,7,42080,104,0
4,6.8,0.0,0.0,43,27,0,8,42080,104,0
4,7.7,0.0,0.0,46,35,0,9,42080,104,0
4,8.9,0.0,0.0,55,38,0,10,42080,104,0
4,10.2,0.0,0.0,56,38,0,11,42080,104,0
4,11.7,0.0,0.0,65,40,0,12,42080,104,1
4,12.4,0.0,0.0,60,43,0,13,42080,104,0
4,13.9,0.0,0.0,71,53,0,14,42080,104,3
4,14.0,0.0,0.0,63,53,0,15,42080,104,3
4,13.5,0.0,0.0,75,54,0,16,42080,104,1
4,12.8,0.0,0.0,74,51,0,17,42080,104,2
4,11.9,0.0,0.0,70,49,0,18,42080,104,3
4,11.8,0.0,0.0,72,57,0,19,42080,104,9
4,11.3,0.0,0.0,80,64,0,20,42080,104,0
4,10.7,0.0,0.0,85,70,0,21,42080,104,2
4,10.2,0.0,0.0,69,51,0,22,42080,104,3
4,9.4,0.0,0.0,52,28,0,23,42080,104,0
4,8.3,0.0,0.0,40,20,0,0,42080,104,0
4,7.1,0.0,0.0,39,18,0,1,42080,104,0
4,6.4,0.0,0.0,30,24,0,2,42080,104,0
4,5.5,0.0,0.0,38,21,0,3,42080,104,0
5,4.7,0.0,0.0,35,19,0,4,42080,104,0
5,3.6,0.0,0.0,45,17,0,5,42080,104,0
5,2.8,0.0,0.0,28,16,0,6,42080,104,0
5,2.4,0.0,0.0,41,10,0,7,42080,104,0
5,2.4,0.0,0.0,49,24,0,8,42080,104,5
5,4.5,0.0,0.0,52,26,0,9,42080,104,1
5,7.2,0.0,0.0,33,30,0,10,42080,104,15
5,8.7,0.0,0.0,44,29,0,11,42080,104,0
5,10.6,0.0,0.0,47,31,0,12,42080,104,0
5,11.9,0.0,0.0,50,27,0,13,42080,104,2
5,12.7,0.0,0.0,50,23,0,14,42080,104,0
5,12.8,0.0,0.0,37,24,0,15,42080,104,0
5,12.7,0.0,0.0,33,12,0,16,42080,104,0
5,11.0,0.0,0.0,27,15,0,17,42080,104,5
5,8.9,0.0,0.0,37,16,0,18,42080,104,4
5,7.5,0.0,0.0,35,17,0,19,42080,104,0
5,6.5,0.0,0.0,35,18,0,20,42080,104,0
5,5.4,0.0,0.0,37,22,0,21,42080,104,3
5,5.1,0.0,0.0,36,16,0,22,42080,104,0
5,4.8,0.0,0.0,33,19,0,23,42080,104,0
5,4.1,0.0,0.0,32,16,0,0,42080,104,0
5,3.8,0.0,0.0,29,19,0,1,42080,104,0
5,3.1,0.0,0.0,27,13,0,2,42080,104,0
5,2.6,0.0,0.0,29,14,0,3,42080,104,0
6,2.0,0.0,0.0,24,17,0,4,42080,104,0
6,1.6,0.0,0.0,30,16,0,5,42080,104,0
6,1.1,0.0,0.0,28,15,0,6,42080,104,0
6,1.0,0.0,0.0,25,15,0,7,42080,104,0
6,1.1,0.0,0.0,29,16,0,8,42080,104,3
6,2.7,0.0,0.0,33,20,0,9,42080,104,0
6,4.1,0.0,0.0,36,22,0,10,42080,104,0
6,5.6,0.0,0.0,50,20,0,11,42080,104,2
6,7.4,0.0,0.0,46,26,0,12,42080,104,1
6,9.1,0.0,0.0,39,16,0,13,42080,104,0
6,9.8,0.0,0.0,42,15,0,14,42080,104,0
6,10.7,0.0,0.0,42,30,0,15,42080,104,0
6,10.8,0.0,0.0,63,23,0,16,42080,104,2
6,9.4,0.0,0.0,38,17,0,17,42080,104,4
6,8.0,0.0,0.0,38,17,0,18,42080,104,0
6,6.9,0.0,0.0,41,18,0,19,42080,104,0
6,6.8,0.0,0.0,37,22,0,20,42080,104,1
6,6.5,0.0,0.0,43,23,0,21,42080,104,3
6,5.9,0.0,0.0,43,25,0,22,42080,104,1
6,5.3,0.0,0.0,52,27,0,23,42080,104,0
6,4.7,0.0,0.0,38,28,0,0,42080,104,0
6,4.5,0.0,0.0,46,25,0,1,42080,104,0
6,4.6,0.0,0.0,52,27,0,2,42080,104,0
6,4.7,0.0,0.0,44,31,0,3,42080,104,0
0,4.9,0.0,0.0,55,37,0,4,42080,104,0
0,4.7,0.0,0.0,53,33,0,5,42080,104,0
0,3.9,0.0,0.0,34,28,0,6,42080,104,0
0,3.1,0.0,0.0,42,27,0,7,42080,104,0
0,2.8,0.0,0.0,44,36,0,8,42080,104,0
0,4.8,0.0,0.0,46,34,0,9,42080,104,0
0,7.9,0.0,0.0,50,33,0,10,42080,104,0
0,10.3,0.0,0.0,70,34,0,11,42080,104,0
0,12.6,0.0,0.0,66,38,0,12,42080,104,1
0,13.2,0.0,0.0,62,33,0,13,42080,104,0
0,13.7,0.0,0.0,49,25,0,14,42080,104,0
0,14.6,0.0,0.0,49,22,0,15,42080,104,1
0,13.9,0.0,0.0,39,19,0,16,42080,104,0
0,12.5,0.0,0.0,48,26,0,17,42080,104,0
0,11.1,0.0,0.0,57,24,0,18,42080,104,4
0,9.6,0.0,0.0,56,24,0,19,42080,104,5
0,9.4,0.0,0.0,52,25,0,20,42080,104,0
0,9.4,0.0,0.0,47,30,0,21,42080,104,0
0,8.7,0.0,0.0,48,35,0,22,42080,104,0
0,8.3,0.0,0.0,66,40,0,23,42080,104,0
0,7.5,0.0,0.0,72,31,0,0,42080,104,0
0,5.6,0.0,0.0,82,21,0,1,42080,104,0
0,4.2,0.0,0.0,65,24,0,2,42080,104,0
0,3.9,0.0,0.0,62,30,0,3,42080,104,0
1,3.2,0.0,0.0,58,31,0,4,42080,104,0
1,2.4,0.0,0.0,48,25,0,5,42080,104,0
1,1.6,0.0,0.0,52,25,0,6,42080,104,0
1,0.8,0.0,0.0,48,23,0,7,42080,104,0
1,0.8,0.0,0.0,44,28,0,8,42080,104,0
1,2.8,0.0,0.0,50,14,0,9,42080,104,1
1,6.4,0.0,0.0,29,25,0,10,42080,104,0
1,8.8,0.0,0.0,70,27,0,11,42080,104,0
1,10.4,0.0,0.0,58,18,0,12,42080,104,0
1,11.8,0.0,0.0,43,16,0,13,42080,104,0
1,13.3,0.0,0.0,54,20,0,14,42080,104,0
1,13.7,0.0,0.0,58,22,0,15,42080,104,2
1,13.2,0.0,0.0,55,19,0,16,42080,104,0
1,11.9,0.0,0.0,60,16,0,17,42080,104,0
1,9.3,0.0,0.0,50,12,0,18,42080,104,4
1,8.3,0.0,0.0,49,19,0,19,42080,104,3
1,6.8,0.0,0.0,63,29,0,20,42080,104,2
1,5.6,0.0,0.0,63,36,0,21,42080,104,0
1,4.5,0.0,0.0,55,31,0,22,42080,104,0
1,3.5,0.0,0.0,62,23,0,23,42080,104,0
1,2.6,0.0,0.0,51,33,0,0,42080,104,0
1,2.3,0.0,0.0,63,28,0,1,42080,104,0
1,2.0,0.0,0.0,58,23,0,2,42080,104,0
1,2.3,0.0,0.0,54,28,0,3,42080,104,0
2,2.2,0.0,0.0,64,34,0,4,42080,104,0
2,2.2,0.0,0.0,45,28,0,5,42080,104,0
2,2.3,0.0,0.0,47,30,0,6,42080,104,0
2,2.7,0.0,0.0,65,36,0,7,42080,104,0
2,3.4,0.0,0.0,46,37,0,8,42080,104,0
2,4.1,0.0,0.0,62,40,0,9,42080,104,0
2,5.9,0.0,0.0,62,39,0,10,42080,104,0
2,7.7,0.0,0.0,66,29,0,11,42080,104,0
2,9.1,0.0,0.0,80,40,0,12,42080,104,0
2,11.1,0.0,0.0,82,36,0,13,42080,104,0
2,8.4,0.0,0.0,67,36,0,14,42080,104,1
2,7.2,0.0,0.0,80,48,0,15,42080,104,4
2,6.6,0.0,0.0,69,37,0,16,42080,104,2
2,5.9,0.0,0.0,38,29,0,17,42080,104,2
2,5.0,0.2,0.0,45,26,0,18,42080,104,3
2,4.1,0.0,0.0,38,18,0,19,42080,104,3
2,3.9,0.0,0.0,32,12,0,20,42080,104,0
2,3.7,0.2,0.0,40,15,0,21,42080,104,2
2,3.5,0.0,0.0,16,8,0,22,42080,104,0
2,3.0,0.0,0.0,35,11,0,23,42080,104,0
2,3.0,0.0,0.0,28,12,0,0,42080,104,0
2,2.7,0.0,0.0,39,9,0,1,42080,104,0
2,2.1,0.0,0.0,42,18,0,2,42080,104,0
2,1.7,0.0,0.0,24,14,0,3,42080,104,0
3,1.1,0.0,0.0,30,14,0,4,42080,104,0
3,0.3,0.0,0.0,50,20,0,5,42080,104,0
3,-0.3,0.0,0.0,19,13,0,6,42080,104,0
3,-0.6,0.0,0.0,31,14,0,7,42080,104,0
3,-0.5,0.0,0.0,29,12,0,8,42080,104,0
3,1.7,0.0,0.0,35,22,0,9,42080,104,0
3,4.0,0.0,0.0,36,7,0,10,42080,104,7
3,5.4,0.0,0.0,27,4,0,11,42080,104,6
3,6.8,0.0,0.0,26,3,0,12,42080,104,0
3,7.8,0.0,0.0,26,7,0,13,42080,104,2
3,8.5,0.0,0.0,27,13,0,14,42080,104,6
3,9.1,0.0,0.0,36,13,0,15,42080,104,2
3,8.2,0.0,0.0,32,11,0,16,42080,104,1
3,6.3,0.0,0.0,30,6,0,17,42080,104,0
3,5.2,0.0,0.0,33,13,0,18,42080,104,2
3,5.1,0.0,0.0,32,12,0,19,42080,104,3
3,4.6,0.0,0.0,38,13,0,20,42080,104,3
3,3.9,0.0,0.0,28,12,0,21,42080,104,3
3,3.1,0.0,0.0,45,13,0,22,42080,104,1
3,2.7,0.0,0.0,24,17,0,23,42080,104,0
3,2.0,0.0,0.0,47,10,0,0,42080,104,0
3,0.9,0.0,0.0,18,14,0,1,42080,104,0
3,0.2,0.0,0.0,32,21,0,2,42080,104,0
3,-0.1,0.0,0.0,27,18,0,3,42080,104,0
4,-0.8,0.0,0.0,28,8,0,4,42080,104,0
4,-1.6,0.0,0.0,39,13,0,5,42080,104,0
4,-2.0,0.0,0.0,20,14,0,6,42080,104,0
4,-2.1,0.0,0.0,25,7,0,7,42080,104,0
4,-2.3,0.0,0.0,22,11,0,8,42080,104,2
4,0.0,0.0,0.0,40,15,0,9,42080,104,1
4,3.0,0.0,0.0,21,0,0,10,42080,104,7
4,4.8,0.0,0.0,28,9,0,11,42080,104,3
4,6.8,0.0,0.0,28,7,0,12,42080,104,1
4,7.8,0.0,0.0,19,6,0,13,42080,104,0
4,7.9,0.0,0.0,24,10,0,14,42080,104,0
4,7.6,0.0,0.0,29,5,0,15,42080,104,2
4,7.1,0.0,0.0,26,13,0,16,42080,104,1
4,6.0,0.0,0.0,44,13,0,17,42080,104,1
4,4.7,0.0,0.0,38,16,0,18,42080,104,2
4,3.4,0.0,0.0,39,20,0,19,42080,104,6
4,2.6,0.0,0.0,46,19,0,20,42080,104,3
4,1.9,0.0,0.0,44,20,0,21,42080,104,4
4,1.0,0.0,0.0,36,31,0,22,42080,104,0
4,0.4,0.0,0.0,48,20,0,23,42080,104,0
4,0.2,0.0,0.0,39,16,0,0,42080,104,0
4,0.2,0.0,0.0,46,29,0,1,42080,104,0
4,0.3,0.0,0.0,54,30,0,2,42080,104,0
4,0.8,0.0,0.0,29,27,0,3,42080,104,0
5,0.8,0.0,0.0,59,27,0,4,42080,104,0
5,1.3,0.0,0.0,43,25,0,5,42080,104,0
5,2.2,0.0,0.0,39,24,0,6,42080,104,0
5,2.5,0.0,0.0,57,23,0,7,42080,104,0
5,2.4,0.0,0.0,45,20,0,8,42080,104,0
5,2.4,2.2,0.0,29,26,0,9,42080,104,0
5,2.6,0.0,0.0,44,27,0,10,42080,104,0
5,2.9,0.0,0.0,38,25,0,11,42080,104,0
5,3.0,7.8,0.0,28,21,0,12,42080,104,0
5,4.5,0.0,0.0,48,26,0,13,42080,104,0
5,5.4,0.0,0.0,28,0,0,14,42080,104,4
5,6.4,0.1,0.0,38,24,0,15,42080,104,0
5,6.6,0.0,0.0,38,29,0,16,42080,104,1
5,6.1,0.0,0.0,39,32,0,17,42080,104,0
5,5.6,0.0,0.0,40,33,0,18,42080,104,0
5,5.5,0.0,0.0,42,28,0,19,42080,104,0
5,5.5,0.0,0.0,37,27,0,20,42080,104,0
5,5.4,0.0,0.0,51,32,0,21,42080,104,0
5,5.4,0.0,0.0,49,39,0,22,42080,104,0
5,5.1,0.0,0.0,52,40,0,23,42080,104,0
5,5.3,0.0,0.0,48,30,0,0,42080,104,0
5,5.3,0.0,0.0,49,28,0,1,42080,104,0
5,5.2,0.0,0.0,42,31,0,2,42080,104,0
5,5.2,0.0,0.0,53,40,0,3,42080,104,0
6,5.3,0.0,0.0,51,40,0,4,42080,104,0
6,5.3,0.0,0.0,43,34,0,5,42080,104,0
6,5.4,0.0,0.0,43,33,0,6,42080,104,0
6,5.5,0.0,0.0,54,36,0,7,42080,104,0
6,5.7,0.0,0.0,49,37,0,8,42080,104,0
6,6.2,0.0,0.0,46,38,0,9,42080,104,0
6,6.8,0.0,0.0,62,44,0,10,42080,104,0
6,7.7,0.0,0.0,56,48,0,11,42080,104,0
6,8.8,0.0,0.0,55,45,0,12,42080,104,1
6,10.5,0.0,0.0,52,40,0,13,42080,104,0
6,11.3,0.0,0.0,48,34,0,14,42080,104,0
6,11.1,0.0,0.0,48,36,0,15,42080,104,1
6,11.0,0.0,0.0,51,32,0,16,42080,104,6
6,10.1,0.0,0.0,46,38,0,17,42080,104,2
6,8.9,0.0,0.0,49,44,0,18,42080,104,1
6,7.8,0.0,0.0,57,40,0,19,42080,104,5
6,6.9,0.0,0.0,57,40,0,20,42080,104,0
6,5.7,0.0,0.0,54,39,0,21,42080,104,0
6,5.0,0.0,0.0,54,38,0,22,42080,104,0
6,4.4,0.0,0.0,52,29,0,23,42080,104,0
6,3.7,0.0,0.0,57,28,0,0,42080,104,0
6,3.2,0.0,0.0,57,22,0,1,42080,104,0
6,2.7,0.0,0.0,54,31,0,2,42080,104,0
6,2.2,0.0,0.0,48,32,0,3,42080,104,0
0,1.8,0.0,0.0,50,29,0,4,42080,104,0
0,1.3,0.0,0.0,52,25,0,5,42080,104,0
0,1.6,0.0,0.0,48,21,0,6,42080,104,0
0,1.6,0.0,0.0,50,17,0,7,42080,104,0
0,1.7,0.0,0.0,43,17,0,8,42080,104,0
0,2.4,0.0,0.0,41,11,0,9,42080,104,0
0,3.0,0.0,0.0,44,16,0,10,42080,104,1
0,4.6,0.0,0.0,50,21,0,11,42080,104,3
0,8.4,0.0,0.0,56,40,0,12,42080,104,2
0,11.0,0.0,0.0,56,46,0,13,42080,104,3
0,13.0,0.0,0.0,61,46,0,14,42080,104,0
0,14.2,0.0,0.0,60,43,0,15,42080,104,2
0,13.2,0.0,0.0,56,37,0,16,42080,104,0
0,11.6,0.0,0.0,0,0,0,17,42080,104,0
0,10.2,0.0,0.0,0,0,0,18,42080,104,3
0,8.4,0.0,0.0,0,30,0,19,42080,104,4
0,7.1,0.0,0.0,0,44,0,20,42080,104,2
0,6.1,0.0,0.0,0,39,0,21,42080,104,0
0,5.0,0.0,0.0,0,36,0,22,42080,104,2
0,4.2,0.0,0.0,0,29,0,23,42080,104,0
0,3.7,0.0,0.0,0,28,0,0,42080,104,0
0,3.1,0.0,0.0,0,26,0,1,42080,104,0
0,2.7,0.0,0.0,0,23,0,2,42080,104,0
0,2.2,0.0,0.0,0,36,0,3,42080,104,0
1,1.9,0.0,0.0,0,31,0,4,42080,104,0
1,1.2,0.0,0.0,0,27,0,5,42080,104,0
1,0.9,0.0,0.0,0,22,0,6,42080,104,0
1,0.6,0.0,0.0,0,23,0,7,42080,104,0
1,0.6,0.0,0.0,0,24,0,8,42080,104,0
1,2.6,0.0,0.0,0,32,0,9,42080,104,0
1,5.4,0.0,0.0,0,45,0,10,42080,104,1
1,8.8,0.0,0.0,0,66,0,11,42080,104,0
1,11.7,0.0,0.0,0,51,0,12,42080,104,1
1,13.7,0.0,0.0,0,50,0,13,42080,104,5
1,13.7,0.0,0.0,0,60,0,14,42080,104,0
1,13.6,0.0,0.0,42,32,0,15,42080,104,4
1,13.4,0.0,0.0,42,34,0,16,42080,104,2
1,12.8,0.0,0.0,50,44,0,17,42080,104,8
1,12.2,0.0,0.0,50,48,0,18,42080,104,6
1,11.7,0.0,0.0,56,45,0,19,42080,104,2
1,10.8,0.0,0.0,58,48,0,20,42080,104,0
1,10.1,0.0,0.0,60,46,0,21,42080,104,1
1,9.5,0.0,0.0,61,44,0,22,42080,104,0
1,8.6,0.0,0.0,48,42,0,23,42080,104,0
1,8.0,0.0,0.0,59,48,0,0,42080,104,0
1,7.2,0.0,0.0,92,41,0,1,42080,104,0
1,5.9,0.0,0.0,285,56,0,2,42080,104,0
1,5.2,0.0,0.0,296,56,0,3,42080,104,0
2,4.5,0.0,0.0,268,50,0,4,42080,104,0
2,3.9,0.0,0.0,211,42,0,5,42080,104,0
2,3.5,0.0,0.0,186,30,0,6,42080,104,0
2,2.9,0.0,0.0,179,31,0,7,42080,104,0
2,3.4,0.0,0.0,168,32,0,8,42080,104,0
2,4.2,0.0,0.0,214,32,0,9,42080,104,0
2,4.9,0.0,0.0,163,32,0,10,42080,104,0
2,5.8,0.0,0.0,162,33,0,11,42080,104,0
2,6.8,0.0,0.0,180,43,0,12,42080,104,0
2,7.6,0.0,0.0,157,38,0,13,42080,104,0
2,9.7,0.0,0.0,146,31,0,14,42080,104,0
2,10.1,0.0,0.0,139,34,0,15,42080,104,7
2,10.6,0.0,0.0,105,23,0,16,42080,104,1
2,8.7,0.0,0.0,81,16,0,17,42080,104,5
2,6.9,0.0,0.0,68,11,0,18,42080,104,2
2,5.8,0.0,0.0,57,14,0,19,42080,104,3
2,4.6,0.0,0.0,60,18,0,20,42080,104,1
2,3.6,0.0,0.0,73,24,0,21,42080,104,5
2,2.9,0.0,0.0,74,27,0,22,42080,104,0
2,2.3,0.0,0.0,79,21,0,23,42080,104,0
2,1.5,0.0,0.0,79,23,0,0,42080,104,0
2,1.3,0.0,0.0,89,18,0,1,42080,104,0
2,0.6,0.0,0.0,59,19,0,2,42080,104,0
2,0.4,0.0,0.0,62,26,0,3,42080,104,0
3,0.0,0.0,0.0,64,24,0,4,42080,104,0
3,-0.1,0.0,0.0,59,24,0,5,42080,104,0
3,-0.6,0.0,0.0,66,25,0,6,42080,104,0
3,-0.7,0.0,0.0,60,24,0,7,42080,104,0
3,-0.7,0.0,0.0,73,22,0,8,42080,104,0
3,0.9,0.0,0.0,52,23,0,9,42080,104,0
3,3.2,0.0,0.0,78,34,0,10,42080,104,0
3,5.9,0.0,0.0,77,46,0,11,42080,104,2
3,7.7,0.0,0.0,103,41,0,12,42080,104,2
3,8.8,0.0,0.0,115,59,0,13,42080,104,0
3,8.9,0.0,0.0,109,66,0,14,42080,104,0
3,8.8,0.0,0.0,120,46,0,15,42080,104,5
3,9.4,0.0,0.0,114,33,0,16,42080,104,3
3,9.2,0.0,0.0,140,32,0,17,42080,104,0
3,8.7,0.0,0.0,162,24,0,18,42080,104,2
3,8.5,0.0,0.0,143,32,0,19,42080,104,4
3,7.6,0.0,0.0,128,39,0,20,42080,104,1
3,6.6,0.0,0.0,137,44,0,21,42080,104,5
3,5.4,0.0,0.0,130,43,0,22,42080,104,0
3,5.4,0.0,0.0,142,39,0,23,42080,104,0
3,5.2,0.0,0.0,123,44,0,0,42080,104,0
3,5.3,0.0,0.0,116,45,0,1,42080,104,0
3,5.4,0.0,0.0,122,46,0,2,42080,104,0
3,5.1,0.0,0.0,105,54,0,3,42080,104,0
4,4.3,0.0,0.0,106,53,0,4,42080,104,0
4,3.8,0.0,0.0,98,45,0,5,42080,104,0
4,2.7,0.0,0.0,93,34,0,6,42080,104,0
4,2.0,0.0,0.0,88,34,0,7,42080,104,6
4,1.4,0.0,0.0,85,32,0,8,42080,104,1
4,2.9,0.0,0.0,89,34,0,9,42080,104,1
4,5.6,0.0,0.0,111,43,0,10,42080,104,0
4,7.3,0.0,0.0,102,33,0,11,42080,104,0
4,9.0,0.0,0.0,90,23,0,12,42080,104,2
4,10.5,0.0,0.0,94,21,0,13,42080,104,0
4,10.4,0.0,0.0,93,20,0,14,42080,104,0
4,11.0,0.0,0.0,86,23,0,15,42080,104,3
4,11.4,0.0,0.0,75,25,0,16,42080,104,1
4,9.4,0.0,0.0,68,20,0,17,42080,104,7
4,7.9,0.0,0.0,60,15,0,18,42080,104,2
4,5.8,0.0,0.0,61,21,0,19,42080,104,2
4,5.3,0.0,0.0,59,29,0,20,42080,104,3
4,4.6,0.0,0.0,57,29,0,21,42080,104,0
4,3.9,0.0,0.0,60,24,0,22,42080,104,0
4,3.3,0.0,0.0,67,35,0,23,42080,104,0
4,2.6,0.0,0.0,60,34,0,0,42080,104,0
4,1.8,0.0,0.0,61,29,0,1,42080,104,0
4,1.6,0.0,0.0,43,22,0,2,42080,104,0
4,1.6,0.0,0.0,52,30,0,3,42080,104,0
5,1.3,0.0,0.0,49,28,0,4,42080,104,0
5,1.2,0.0,0.0,48,30,0,5,42080,104,0
5,1.2,0.0,0.0,50,25,0,6,42080,104,0
5,1.1,0.0,0.0,47,28,0,7,42080,104,2
5,1.3,0.0,0.0,49,26,0,8,42080,104,2
5,2.3,0.0,0.0,39,29,0,9,42080,104,0
5,3.6,0.0,0.0,52,30,0,10,42080,104,2
5,5.5,0.0,0.0,53,47,0,11,42080,104,0
5,7.7,0.0,0.0,80,45,0,12,42080,104,0
5,9.9,0.0,0.0,62,42,0,13,42080,104,2
5,11.5,0.0,0.0,67,37,0,14,42080,104,14
5,11.5,0.0,0.0,67,29,0,15,42080,104,0
5,11.5,0.0,0.0,67,28,0,16,42080,104,0
5,10.1,0.0,0.0,60,25,0,17,42080,104,0
5,8.4,0.0,0.0,63,19,0,18,42080,104,2
5,7.3,0.0,0.0,62,24,0,19,42080,104,3
5,6.6,0.0,0.0,73,35,0,20,42080,104,7
5,5.6,0.0,0.0,78,36,0,21,42080,104,1
5,4.5,0.0,0.0,75,42,0,22,42080,104,0
5,3.7,0.0,0.0,68,36,0,23,42080,104,0
5,3.0,0.0,0.0,72,32,0,0,42080,104,0
5,2.6,0.0,0.0,57,29,0,1,42080,104,0
5,2.0,0.0,0.0,58,40,0,2,42080,104,0
5,1.6,0.0,0.0,60,34,0,3,42080,104,0
6,1.5,0.0,0.0,58,30,0,4,42080,104,0
6,1.1,0.0,0.0,57,31,0,5,42080,104,0
6,0.9,0.0,0.0,60,30,0,6,42080,104,0
6,0.7,0.0,0.0,51,26,0,7,42080,104,0
6,0.7,0.0,0.0,52,19,0,8,42080,104,0
6,1.9,0.0,0.0,52,23,0,9,42080,104,0
6,5.5,0.0,0.0,46,28,0,10,42080,104,0
6,8.6,0.0,0.0,77,49,0,11,42080,104,0
6,9.6,0.0,0.0,68,37,0,12,42080,104,0
6,12.0,0.0,0.0,51,28,0,13,42080,104,0
6,13.9,0.0,0.0,62,19,0,14,42080,104,0
6,14.6,0.0,0.0,50,23,0,15,42080,104,0
6,14.8,0.0,0.0,48,19,0,16,42080,104,0
6,13.2,0.0,0.0,52,22,0,17,42080,104,3
6,12.7,0.0,0.0,39,20,0,18,42080,104,0
6,11.9,0.0,0.0,47,19,0,19,42080,104,1
6,11.5,0.0,0.0,49,22,0,20,42080,104,2
6,11.6,0.0,0.0,46,24,0,21,42080,104,1
6,11.6,0.0,0.0,51,23,0,22,42080,104,0
6,11.5,0.0,0.0,46,21,0,23,42080,104,0
6,10.8,0.0,0.0,50,25,0,0,42080,104,0
6,10.4,0.0,0.0,0,0,0,1,42080,104,0
6,9.8,0.0,0.0,44,31,0,2,42080,104,0
6,10.1,0.0,0.0,48,27,0,3,42080,104,0
0,9.8,0.0,0.0,47,25,0,4,42080,104,0
0,9.3,0.0,0.0,38,26,0,5,42080,104,0
0,9.3,3.3,0.0,46,23,0,6,42080,104,0
0,9.5,0.0,0.0,46,24,0,7,42080,104,0
0,9.8,0.0,0.0,27,24,0,8,42080,104,2
0,10.4,3.1,0.0,35,22,0,9,42080,104,0
0,11.3,0.0,0.0,0,0,0,10,42080,104,0
0,11.8,0.0,0.0,0,0,0,11,42080,104,1
0,12.5,0.0,0.0,0,40,0,12,42080,104,0
0,13.3,0.0,0.0,0,35,0,13,42080,104,0
0,13.8,0.0,0.0,0,40,0,14,42080,104,0
0,14.3,0.0,0.0,0,46,0,15,42080,104,0
0,14.1,0.0,0.0,0,38,0,16,42080,104,2
0,14.0,0.0,0.0,0,44,0,17,42080,104,3
0,14.8,3.6,0.0,0,41,0,18,42080,104,2
0,14.8,0.0,0.0,0,11,0,19,42080,104,2
0,14.8,0.0,0.0,0,3,0,20,42080,104,0
0,14.6,0.6,0.0,0,3,0,21,42080,104,0
0,14.7,0.0,0.0,29,3,0,22,42080,104,0
0,14.8,0.0,0.0,32,3,0,23,42080,104,0
0,14.6,0.0,0.0,26,3,0,0,42080,104,0
0,14.4,0.0,0.0,30,12,0,1,42080,104,0
0,14.2,0.0,0.0,28,18,0,2,42080,104,0
0,14.0,0.0,0.0,34,15,0,3,42080,104,0
1,13.7,0.0,0.0,28,16,0,4,42080,104,0
1,13.2,0.0,0.0,41,15,0,5,42080,104,0
1,12.4,7.2,0.0,30,9,0,6,42080,104,0
1,11.8,0.0,0.0,15,10,0,7,42080,104,12
1,11.3,0.0,0.0,12,6,0,8,42080,104,0
1,10.9,9.6,0.0,15,7,0,9,42080,104,0
1,11.8,0.0,0.0,19,4,0,10,42080,104,0
1,11.7,0.0,0.0,17,4,0,11,42080,104,2
1,11.3,0.0,0.0,22,6,0,12,42080,104,0
1,11.8,0.0,0.0,20,15,0,13,42080,104,0
1,11.7,0.0,0.0,39,26,0,14,42080,104,0
1,11.3,0.0,0.0,33,24,0,15,42080,104,0
1,10.9,0.0,0.0,51,29,0,16,42080,104,2
1,8.8,0.0,0.0,70,25,0,17,42080,104,6
1,7.2,0.0,0.0,73,22,0,18,42080,104,1
1,6.5,0.0,0.0,58,18,0,19,42080,104,3
1,6.0,0.0,0.0,58,18,0,20,42080,104,0
1,5.4,0.0,0.0,53,15,0,21,42080,104,0
1,4.8,0.0,0.0,58,17,0,22,42080,104,5
1,4.4,0.0,0.0,53,10,0,23,42080,104,0
1,3.3,0.0,0.0,44,4,0,0,42080,104,0
1,2.3,0.0,0.0,38,5,0,1,42080,104,0
1,1.2,0.0,0.0,32,8,0,2,42080,104,0
1,0.5,0.0,0.0,31,7,0,3,42080,104,0
2,-0.5,0.0,0.0,23,7,0,4,42080,104,0
2,-1.5,0.0,0.0,24,8,0,5,42080,104,0
2,-2.2,0.0,0.0,41,7,0,6,42080,104,0
2,-2.6,0.0,0.0,25,5,0,7,42080,104,0
2,-2.5,0.0,0.0,40,5,0,8,42080,104,2
2,-0.8,0.0,0.0,29,10,0,9,42080,104,0
2,1.0,0.0,0.0,32,14,0,10,42080,104,0
2,1.8,0.0,0.0,42,15,0,11,42080,104,0
2,3.6,0.0,0.0,42,12,0,12,42080,104,2
2,4.6,0.0,0.0,34,12,0,13,42080,104,0
2,5.2,0.0,0.0,34,20,0,14,42080,104,2
2,4.7,0.0,0.0,37,18,0,15,42080,104,0
2,4.1,0.0,0.0,33,17,0,16,42080,104,3
2,3.7,0.0,0.0,38,18,0,17,42080,104,7
2,2.6,0.0,0.0,39,21,0,18,42080,104,0
2,2.0,0.0,0.0,48,14,0,19,42080,104,4
2,1.5,0.0,0.0,43,15,0,20,42080,104,3
2,1.4,0.0,0.0,46,27,0,21,42080,104,2
2,1.2,0.0,0.0,30,19,0,22,42080,104,0
2,1.6,0.0,0.0,40,18,0,23,42080,104,0
2,1.9,0.0,0.0,44,18,0,0,42080,104,0
2,2.1,0.0,0.0,38,9,0,1,42080,104,0
2,2.2,0.0,0.0,39,12,0,2,42080,104,0
2,2.3,0.0,0.0,40,22,0,3,42080,104,0
3,2.4,0.0,0.0,45,23,0,4,42080,104,0
3,2.4,0.0,0.0,42,24,0,5,42080,104,0
3,0.9,0.6,0.5,34,22,0,6,42080,104,0
3,0.6,0.0,0.9,38,16,0,7,42080,104,2
3,0.7,0.0,1.0,29,17,0,8,42080,104,0
3,1.1,0.7,0.5,27,17,0,9,42080,104,1
3,1.6,0.0,0.0,36,20,0,10,42080,104,0
3,2.4,0.0,0.0,38,20,0,11,42080,104,0
3,2.8,0.0,0.0,33,24,0,12,42080,104,1
3,4.2,0.0,0.0,38,21,0,13,42080,104,0
3,5.5,0.0,0.0,27,23,0,14,42080,104,0
3,5.4,0.0,0.0,24,22,0,15,42080,104,0
3,5.6,0.0,0.0,29,21,0,16,42080,104,1
3,5.1,0.0,0.0,35,10,0,17,42080,104,0
3,3.7,0.0,0.0,30,5,0,18,42080,104,3
3,3.0,0.0,0.0,32,9,0,19,42080,104,4
3,3.4,0.0,0.0,27,11,0,20,42080,104,0
3,2.9,0.0,0.0,39,18,0,21,42080,104,0
3,3.3,0.0,0.0,31,14,0,22,42080,104,0
3,2.7,0.0,0.0,36,7,0,23,42080,104,0
3,2.3,0.0,0.0,41,14,0,0,42080,104,0
3,2.2,0.0,0.0,43,14,0,1,42080,104,0
3,1.2,0.0,0.0,46,13,0,2,42080,104,0
3,0.1,0.0,0.0,47,8,0,3,42080,104,0
4,-1.0,0.0,0.0,28,4,0,4,42080,104,0
4,-1.9,0.0,0.0,21,6,0,5,42080,104,0
4,-2.8,0.0,0.0,28,4,0,6,42080,104,0
4,-3.8,0.0,0.0,16,4,0,7,42080,104,0
4,-4.2,0.0,0.0,29,4,0,8,42080,104,3
4,-4.0,0.0,0.0,40,9,0,9,42080,104,1
4,-2.6,0.0,0.0,34,8,0,10,42080,104,0
4,-3.4,0.0,0.0,32,6,0,11,42080,104,0
4,-2.7,0.0,0.0,37,7,0,12,42080,104,2
4,-2.3,0.0,0.0,26,4,0,13,42080,104,2
4,-1.9,0.0,0.0,23,10,0,14,42080,104,4
4,-2.1,0.0,0.0,0,15,0,15,42080,104,5
4,-3.1,0.0,0.0,18,4,0,16,42080,104,0
4,-4.3,0.0,0.0,34,7,0,17,42080,104,0
4,-5.2,0.0,0.0,34,15,0,18,42080,104,1
4,-5.8,0.0,0.0,0,10,0,19,42080,104,3
4,-6.0,0.0,0.0,0,9,0,20,42080,104,1
4,-5.8,0.0,0.0,0,8,0,21,42080,104,0
4,-5.9,0.0,0.0,0,10,0,22,42080,104,1
4,-6.6,0.0,0.0,0,12,0,23,42080,104,1
4,-7.1,0.0,0.0,0,10,0,0,42080,104,0
4,-8.0,0.0,0.0,0,8,0,1,42080,104,0
4,-8.3,0.0,0.0,0,3,0,2,42080,104,0
4,-8.4,0.0,0.0,0,9,0,3,42080,104,0
5,-8.8,0.0,0.0,0,8,0,4,42080,104,0
5,-9.4,0.0,0.0,0,14,0,5,42080,104,0
5,-9.6,0.0,0.0,0,8,0,6,42080,104,0
5,-9.4,0.0,0.0,0,11,0,7,42080,104,0
5,-9.4,0.0,0.0,0,11,0,8,42080,104,0
5,-7.8,0.0,0.0,0,12,0,9,42080,104,1
5,-6.2,0.0,0.0,0,18,0,10,42080,104,2
5,-5.6,0.0,0.0,0,14,0,11,42080,104,0
5,-4.5,0.0,0.0,0,12,0,12,42080,104,4
5,-4.4,0.0,0.0,0,8,0,13,42080,104,6
5,-4.4,0.0,0.0,0,5,0,14,42080,104,3
5,-2.8,0.0,0.0,0,9,0,15,42080,104,0
5,-2.6,0.0,0.0,0,11,0,16,42080,104,1
5,-3.8,0.0,0.0,0,12,0,17,42080,104,3
5,-4.9,0.0,0.0,0,8,0,18,42080,104,1
5,-5.9,0.0,0.0,0,9,0,19,42080,104,2
5,-6.6,0.0,0.0,0,12,0,20,42080,104,7
5,-7.2,0.0,0.0,0,12,0,21,42080,104,2
5,-7.2,0.0,0.0,0,13,0,22,42080,104,0
5,-7.7,0.0,0.0,0,15,0,23,42080,104,0
5,-7.7,0.0,0.0,0,12,0,0,42080,104,0
5,-7.9,0.0,0.0,0,15,0,1,42080,104,0
5,-8.1,0.0,0.0,0,18,0,2,42080,104,0
5,-8.8,0.0,0.0,0,14,0,3,42080,104,0
6,-8.9,0.0,0.0,0,11,0,4,42080,104,0
6,-9.9,0.0,0.0,0,6,0,5,42080,104,0
6,-10.0,0.0,0.0,0,7,0,6,42080,104,0
6,-10.5,0.0,0.0,0,10,0,7,42080,104,0
6,-11.0,0.0,0.0,0,9,0,8,42080,104,0
6,-8.6,0.0,0.0,0,8,0,9,42080,104,0
6,-6.8,0.0,0.0,0,12,0,10,42080,104,0
6,-5.3,0.0,0.0,0,9,0,11,42080,104,0
6,-4.0,0.0,0.0,0,9,0,12,42080,104,1
6,-2.8,0.0,0.0,0,8,0,13,42080,104,13
6,-1.5,0.0,0.0,0,8,0,14,42080,104,0
6,-0.8,0.0,0.0,0,7,0,15,42080,104,6
6,-1.1,0.0,0.0,0,5,0,16,42080,104,2
6,-2.4,0.0,0.0,0,7,0,17,42080,104,0
6,-3.1,0.0,0.0,0,4,0,18,42080,104,0
6,-3.2,0.0,0.0,0,10,0,19,42080,104,3
6,-3.7,0.0,0.0,0,10,0,20,42080,104,2
6,-4.6,0.0,0.0,0,17,0,21,42080,104,2
6,-5.5,0.0,0.0,0,21,0,22,42080,104,0
6,-6.2,0.0,0.0,0,25,0,23,42080,104,0
6,-6.3,0.0,0.0,0,20,0,0,42080,104,0
6,-6.8,0.0,0.0,0,10,0,1,42080,104,0
6,-6.7,0.0,0.0,0,14,0,2,42080,104,0
6,-7.2,0.0,0.0,0,21,0,3,42080,104,0
0,-7.6,0.0,0.0,0,23,0,4,42080,104,0
0,-8.1,0.0,0.0,0,25,0,5,42080,104,0
0,-8.3,0.0,0.0,0,19,0,6,42080,104,0
0,-8.6,0.0,0.0,0,20,0,7,42080,104,0
0,-8.5,0.0,0.0,0,20,0,8,42080,104,1
0,-6.8,0.0,0.0,0,21,0,9,42080,104,0
0,-3.7,0.0,0.0,0,22,0,10,42080,104,0
0,-1.4,0.0,0.0,0,42,0,11,42080,104,0
0,0.1,0.0,0.0,0,30,0,12,42080,104,1
0,2.1,0.0,0.0,0,24,0,13,42080,104,1
0,2.9,0.0,0.0,0,21,0,14,42080,104,2
0,3.6,0.0,0.0,0,21,0,15,42080,104,4
0,3.8,0.0,0.0,0,20,0,16,42080,104,2
0,2.1,0.0,0.0,0,15,0,17,42080,104,4
0,0.5,0.0,0.0,39,17,0,18,42080,104,1
0,-0.3,0.0,0.0,34,18,0,19,42080,104,0
0,-0.7,0.0,0.0,33,15,0,20,42080,104,1
0,-1.4,0.0,0.0,38,10,0,21,42080,104,0
0,-2.0,0.0,0.0,45,14,0,22,42080,104,3
0,-2.5,0.0,0.0,44,21,0,23,42080,104,0
0,-2.7,0.0,0.0,50,28,0,0,42080,104,0
0,-2.6,0.0,0.0,42,20,0,1,42080,104,0
0,-2.6,0.0,0.0,38,17,0,2,42080,104,0
0,-2.1,0.0,0.0,44,30,0,3,42080,104,0
1,-2.1,0.0,0.0,54,33,0,4,42080,104,0
1,-2.0,0.0,0.0,43,26,0,5,42080,104,0
1,-2.0,0.0,0.0,44,26,0,6,42080,104,0
1,-1.7,0.0,0.0,38,26,0,7,42080,104,0
1,-1.4,0.0,0.0,41,29,0,8,42080,104,0
1,-1.0,0.0,0.0,50,41,0,9,42080,104,0
1,-0.3,0.0,0.0,54,46,0,10,42080,104,0
1,-0.9,0.0,0.3,0,46,0,11,42080,104,0
1,-0.9,1.0,1.3,70,32,0,12,42080,104,0
1,-0.5,0.0,2.1,63,27,0,13,42080,104,0
1,-0.2,0.0,2.6,58,38,0,14,42080,104,2
1,0.0,1.7,3.7,49,49,0,15,42080,104,1
1,0.3,0.0,4.6,52,50,0,16,42080,104,2
1,0.4,0.0,4.5,58,50,0,17,42080,104,3
1,0.2,0.3,4.3,62,46,0,18,42080,104,0
1,0.0,0.0,4.2,48,41,0,19,42080,104,0
1,0.0,0.0,4.1,49,39,0,20,42080,104,1
1,0.1,0.0,3.8,50,40,0,21,42080,104,11
1,0.0,0.0,3.8,49,37,0,22,42080,104,0
1,-0.4,0.0,3.8,45,26,0,23,42080,104,0
1,-0.8,0.0,3.8,44,27,0,0,42080,104,0
1,-0.8,0.0,3.8,36,22,0,1,42080,104,0
1,-1.5,0.0,3.8,43,28,0,2,42080,104,0
1,-2.1,0.0,3.8,44,34,0,3,42080,104,0
2,-2.1,0.0,3.8,40,32,0,4,42080,104,0
2,-2.1,0.0,3.8,38,31,0,5,42080,104,0
2,-3.2,0.0,3.8,37,29,0,6,42080,104,0
2,-4.0,0.0,3.8,54,22,0,7,42080,104,0
2,-4.4,0.0,3.7,44,16,0,8,42080,104,5
2,-2.8,0.0,3.7,38,20,0,9,42080,104,0
2,-0.7,0.0,3.6,35,14,0,10,42080,104,1
2,0.5,0.0,3.6,34,11,0,11,42080,104,8
2,1.5,0.0,3.1,38,16,0,12,42080,104,0
2,2.5,0.0,1.9,38,15,0,13,42080,104,0
2,3.1,0.0,0.0,42,10,0,14,42080,104,0
2,3.7,0.0,0.0,42,19,0,15,42080,104,4
2,3.4,0.0,0.0,33,20,0,16,42080,104,1
2,1.6,0.0,0.0,40,17,0,17,42080,104,0
2,-0.2,0.0,0.0,29,14,0,18,42080,104,2
2,-1.4,0.0,0.0,28,12,0,19,42080,104,2
2,-2.3,0.0,0.0,32,13,0,20,42080,104,1
2,-2.7,0.0,0.0,31,25,0,21,42080,104,0
2,-3.0,0.0,0.0,33,19,0,22,42080,104,0
2,-3.2,0.0,0.0,35,16,0,23,42080,104,0
2,-4.1,0.0,0.0,34,22,0,0,42080,104,0
2,-4.5,0.0,0.0,28,22,0,1,42080,104,0
2,-5.0,0.0,0.0,32,15,0,2,42080,104,0
2,-5.6,0.0,0.0,31,22,0,3,42080,104,0
3,-5.2,0.0,0.0,28,25,0,4,42080,104,0
3,-4.9,0.0,0.0,39,29,0,5,42080,104,0
3,-4.4,0.0,0.0,34,26,0,6,42080,104,0
3,-3.5,0.0,0.0,0,26,0,7,42080,104,4
3,-3.3,0.0,0.0,38,18,0,8,42080,104,1
3,-2.7,0.0,0.0,33,27,0,9,42080,104,0
3,-1.4,0.0,0.0,36,32,0,10,42080,104,0
3,1.1,0.0,0.0,67,36,0,11,42080,104,0
3,3.9,0.0,0.0,68,34,0,12,42080,104,0
3,5.7,0.0,0.0,50,24,0,13,42080,104,0
3,3.7,0.0,0.0,35,24,0,14,42080,104,3
3,4.4,0.0,0.0,38,28,0,15,42080,104,5
3,2.8,0.0,0.0,43,32,0,16,42080,104,0
3,2.3,0.0,0.0,50,29,0,17,42080,104,0
3,1.6,0.1,0.0,49,27,0,18,42080,104,2
3,0.2,0.0,0.0,51,17,0,19,42080,104,0
3,-1.0,0.0,0.0,42,10,0,20,42080,104,3
3,-1.6,0.0,0.0,22,5,0,21,42080,104,0
3,-2.2,0.0,0.0,21,6,0,22,42080,104,8
3,-2.1,0.0,0.0,21,3,0,23,42080,104,0
3,-2.2,0.0,0.0,25,6,0,0,42080,104,0
3,-2.9,0.0,0.0,21,7,0,1,42080,104,0
3,-3.4,0.0,0.0,28,9,0,2,42080,104,0
3,-4.6,0.0,0.0,31,13,0,3,42080,104,0
4,-5.2,0.0,0.0,26,14,0,4,42080,104,0
4,-5.5,0.0,0.0,22,9,0,5,42080,104,0
4,-6.2,0.0,0.0,29,15,0,6,42080,104,0
4,-6.4,0.0,0.0,20,17,0,7,42080,104,0
4,-6.5,0.0,0.0,32,21,0,8,42080,104,3
4,-4.6,0.0,0.0,0,23,0,9,42080,104,0
4,-2.0,0.0,0.0,33,27,0,10,42080,104,0
4,-1.2,0.0,0.0,45,28,0,11,42080,104,0
4,0.1,0.0,0.0,70,23,0,12,42080,104,3
4,1.0,0.0,0.0,38,21,0,13,42080,104,2
4,1.8,0.0,0.0,30,20,0,14,42080,104,0
4,2.3,0.0,0.0,29,14,0,15,42080,104,0
4,2.1,0.0,0.0,30,18,0,16,42080,104,0
4,0.5,0.0,0.0,31,13,0,17,42080,104,0
4,-0.8,0.0,0.0,31,16,0,18,42080,104,10
4,-2.0,0.0,0.0,35,13,0,19,42080,104,4
4,-2.4,0.0,0.0,29,17,0,20,42080,104,0
4,-3.2,0.0,0.0,31,18,0,21,42080,104,4
4,-3.5,0.0,0.0,38,25,0,22,42080,104,0
4,-3.9,0.0,0.0,54,24,0,23,42080,104,0
4,-4.6,0.0,0.0,36,10,0,0,42080,104,0
4,-5.4,0.0,0.0,45,30,0,1,42080,104,0
4,-5.8,0.0,0.0,39,38,0,2,42080,104,0
4,-6.4,0.0,0.0,33,30,0,3,42080,104,0
5,-6.9,0.0,0.0,32,29,0,4,42080,104,0
5,-7.1,0.0,0.0,33,22,0,5,42080,104,0
5,-7.7,0.0,0.0,35,23,0,6,42080,104,0
5,-8.0,0.0,0.0,40,11,0,7,42080,104,0
5,-8.0,0.0,0.0,26,10,0,8,42080,104,0
5,-6.5,0.0,0.0,37,24,0,9,42080,104,0
5,-4.1,0.0,0.0,43,0,0,10,42080,104,1
5,-1.8,0.0,0.0,67,52,0,11,42080,104,6
5,1.0,0.0,0.0,81,46,0,12,42080,104,6
5,2.7,0.0,0.0,90,47,0,13,42080,104,4
5,3.9,0.0,0.0,87,38,0,14,42080,104,17
5,3.7,0.0,0.0,80,42,0,15,42080,104,4
5,2.5,0.0,0.0,54,31,0,16,42080,104,6
5,1.8,0.0,0.0,41,17,0,17,42080,104,2
5,1.1,0.0,0.0,29,19,0,18,42080,104,2
5,0.2,0.0,0.0,35,18,0,19,42080,104,1
5,-1.1,0.0,0.0,42,22,0,20,42080,104,2
5,-1.8,0.0,0.0,40,13,0,21,42080,104,0
5,-2.2,0.0,0.0,42,19,0,22,42080,104,2
5,-2.9,0.0,0.0,50,21,0,23,42080,104,0
5,-3.2,0.0,0.0,34,26,0,0,42080,104,0
5,-3.2,0.0,0.0,44,25,0,1,42080,104,0
5,-3.2,0.0,0.0,37,12,0,2,42080,104,0
5,-3.3,0.0,0.0,38,24,0,3,42080,104,0
6,-3.1,0.0,0.0,40,26,0,4,42080,104,0
6,-3.5,0.0,0.0,44,31,0,5,42080,104,0
6,-3.4,0.0,0.0,40,30,0,6,42080,104,0
6,-3.2,0.0,0.0,41,20,0,7,42080,104,0
6,-2.8,0.0,0.0,42,30,0,8,42080,104,0
6,-2.2,0.0,0.0,47,33,0,9,42080,104,0
6,-1.4,0.0,0.0,44,25,0,10,42080,104,0
6,-0.4,0.0,0.0,49,42,0,11,42080,104,0
6,1.2,0.0,0.0,69,39,0,12,42080,104,0
6,2.9,0.0,0.0,59,30,0,13,42080,104,0
6,5.8,0.0,0.0,32,22,0,14,42080,104,0
6,5.5,0.0,0.0,25,19,0,15,42080,104,0
6,5.5,0.0,0.0,26,17,0,16,42080,104,0
6,5.2,0.0,0.0,31,21,0,17,42080,104,0
6,4.8,0.0,0.0,36,17,0,18,42080,104,0
6,4.1,0.0,0.0,0,28,0,19,42080,104,0
6,3.0,0.0,0.0,38,27,0,20,42080,104,0
6,2.3,0.0,0.0,39,27,0,21,42080,104,2
6,1.4,0.0,0.0,32,13,0,22,42080,104,0
6,0.6,0.0,0.0,33,18,0,23,42080,104,0
6,0.7,0.0,0.0,36,27,0,0,42080,104,0
6,1.0,0.0,0.0,32,26,0,1,42080,104,0
6,1.1,0.0,0.0,33,32,0,2,42080,104,0
6,0.7,0.0,0.0,34,25,0,3,42080,104,0
0,1.3,0.0,0.0,40,33,0,4,42080,104,0
0,1.9,0.0,0.0,45,41,0,5,42080,104,0
0,2.6,0.0,0.0,62,47,0,6,42080,104,0
0,2.0,0.0,0.0,74,50,0,7,42080,104,0
0,1.6,0.0,0.0,78,61,0,8,42080,104,0
0,2.2,0.1,0.0,86,65,0,9,42080,104,0
0,4.1,0.0,0.0,85,50,0,10,42080,104,1
0,5.2,0.0,0.0,96,50,0,11,42080,104,2
0,6.5,0.0,0.0,88,31,0,12,42080,104,1
0,7.3,0.0,0.0,54,15,0,13,42080,104,1
0,7.4,0.0,0.0,48,16,0,14,42080,104,3
0,7.5,0.0,0.0,59,22,0,15,42080,104,6
0,7.0,0.0,0.0,55,21,0,16,42080,104,0
0,6.0,0.0,0.0,60,20,0,17,42080,104,0
0,5.0,0.0,0.0,62,20,0,18,42080,104,3
0,4.2,0.0,0.0,56,24,0,19,42080,104,1
0,3.6,0.0,0.0,59,24,0,20,42080,104,1
0,2.9,0.0,0.0,51,23,0,21,42080,104,5
0,2.0,0.0,0.0,65,25,0,22,42080,104,0
0,1.6,0.0,0.0,50,25,0,23,42080,104,0
0,1.4,0.0,0.0,46,22,0,0,42080,104,0
0,0.4,0.0,0.0,55,18,0,1,42080,104,0
0,-0.6,0.0,0.0,36,17,0,2,42080,104,0
0,-1.0,0.0,0.0,50,28,0,3,42080,104,0
1,-1.2,0.0,0.0,47,24,0,4,42080,104,0
1,-1.5,0.0,0.0,21,21,0,5,42080,104,0
1,-2.0,0.0,0.0,34,21,0,6,42080,104,0
1,-2.2,0.0,0.0,24,17,0,7,42080,104,0
1,-2.1,0.0,0.0,26,14,0,8,42080,104,0
1,-0.8,0.0,0.0,25,8,0,9,42080,104,0
1,2.5,0.0,0.0,46,24,0,10,42080,104,0
1,5.7,0.0,0.0,70,37,0,11,42080,104,6
1,7.3,0.0,0.0,69,10,0,12,42080,104,3
1,8.3,0.0,0.0,29,4,0,13,42080,104,2
1,8.0,0.0,0.0,25,6,0,14,42080,104,0
1,8.4,0.0,0.0,40,16,0,15,42080,104,2
1,7.6,0.0,0.0,47,22,0,16,42080,104,1
1,6.5,0.0,0.0,47,20,0,17,42080,104,6
1,5.4,0.0,0.0,46,20,0,18,42080,104,6
1,4.9,0.0,0.0,36,16,0,19,42080,104,0
1,4.4,0.0,0.0,49,16,0,20,42080,104,0
1,3.6,0.0,0.0,49,17,0,21,42080,104,0
1,2.9,0.0,0.0,49,16,0,22,42080,104,0
1,3.1,0.0,0.0,48,17,0,23,42080,104,0
1,2.6,0.0,0.0,43,8,0,0,42080,104,0
1,2.0,0.0,0.0,36,20,0,1,42080,104,0
1,1.7,0.0,0.0,31,25,0,2,42080,104,0
1,2.2,0.0,0.0,35,23,0,3,42080,104,0
2,3.4,0.0,0.0,45,22,0,4,42080,104,0
2,5.0,0.0,0.0,57,28,0,5,42080,104,0
2,5.4,0.1,0.0,61,36,0,6,42080,104,0
2,5.8,0.0,0.0,79,39,0,7,42080,104,0
2,5.4,0.0,0.0,81,41,0,8,42080,104,2
2,5.4,1.7,0.0,76,42,0,9,42080,104,1
2,7.3,0.0,0.0,84,43,0,10,42080,104,4
2,9.1,0.0,0.0,88,46,0,11,42080,104,1
2,10.8,0.0,0.0,100,46,0,12,42080,104,6
2,11.6,0.0,0.0,98,44,0,13,42080,104,2
2,12.1,0.0,0.0,98,36,0,14,42080,104,0
2,11.4,0.0,0.0,80,39,0,15,42080,104,6
2,11.1,0.0,0.0,90,48,0,16,42080,104,7
2,9.8,0.0,0.0,104,45,0,17,42080,104,4
2,8.4,0.0,0.0,85,38,0,18,42080,104,0
2,7.4,0.0,0.0,96,45,0,19,42080,104,0
2,6.9,0.0,0.0,91,45,0,20,42080,104,0
2,5.9,0.0,0.0,89,44,0,21,42080,104,2
2,5.2,0.0,0.0,79,44,0,22,42080,104,5
2,4.7,0.0,0.0,88,44,0,23,42080,104,0
2,4.4,0.0,0.0,78,49,0,0,42080,104,0
2,4.0,0.0,0.0,71,41,0,1,42080,104,0
2,3.9,0.0,0.0,68,43,0,2,42080,104,0
2,3.5,0.0,0.0,75,50,0,3,42080,104,0
3,3.3,0.0,0.0,74,49,0,4,42080,104,0
3,3.1,0.0,0.0,75,47,0,5,42080,104,0
3,2.7,0.0,0.0,77,46,0,6,42080,104,0
3,2.4,0.0,0.0,76,50,0,7,42080,104,0
3,2.2,0.0,0.0,74,53,0,8,42080,104,2
3,2.5,0.0,0.0,76,47,0,9,42080,104,1
3,3.6,0.0,0.0,78,54,0,10,42080,104,0
3,4.7,0.0,0.0,91,66,0,11,42080,104,0
3,6.0,0.0,0.0,110,65,0,12,42080,104,0
3,7.4,0.0,0.0,115,64,0,13,42080,104,1
3,8.6,0.0,0.0,125,74,0,14,42080,104,9
3,9.7,0.0,0.0,127,67,0,15,42080,104,3
3,9.9,0.0,0.0,92,38,0,16,42080,104,0
3,8.3,0.0,0.0,67,36,0,17,42080,104,0
3,6.2,0.0,0.0,84,52,0,18,42080,104,0
3,5.5,0.0,0.0,95,52,0,19,42080,104,1
3,3.8,0.0,0.0,98,55,0,20,42080,104,2
3,2.8,0.0,0.0,105,52,0,21,42080,104,1
3,1.5,0.0,0.0,95,45,0,22,42080,104,3
3,0.7,0.0,0.0,84,33,0,23,42080,104,0
3,0.0,0.0,0.0,84,49,0,0,42080,104,0
3,-0.6,0.0,0.0,75,37,0,1,42080,104,0
3,-1.1,0.0,0.0,70,41,0,2,42080,104,0
3,-1.3,0.0,0.0,71,45,0,3,42080,104,0
4,-1.7,0.0,0.0,72,45,0,4,42080,104,0
4,-2.0,0.0,0.0,68,46,0,5,42080,104,0
4,-2.1,0.0,0.0,63,43,0,6,42080,104,0
4,-2.5,0.0,0.0,69,43,0,7,42080,104,0
4,-2.2,0.0,0.0,69,49,0,8,42080,104,0
4,-0.8,0.0,0.0,63,52,0,9,42080,104,0
4,2.4,0.0,0.0,73,55,0,10,42080,104,1
4,5.7,0.0,0.0,84,46,0,11,42080,104,3
4,8.6,0.0,0.0,106,45,0,12,42080,104,1
4,9.1,0.0,0.0,92,48,0,13,42080,104,6
4,9.3,0.0,0.0,105,54,0,14,42080,104,4
4,9.8,0.0,0.0,110,62,0,15,42080,104,0
4,9.9,0.0,0.0,110,54,0,16,42080,104,1
4,9.6,0.0,0.0,115,60,0,17,42080,104,5
4,9.2,0.0,0.0,155,67,0,18,42080,104,0
4,8.7,0.0,0.0,142,61,0,19,42080,104,2
4,8.3,0.0,0.0,127,64,0,20,42080,104,3
4,7.9,0.0,0.0,127,58,0,21,42080,104,13
4,6.6,0.0,0.0,128,62,0,22,42080,104,0
4,6.3,0.0,0.0,119,59,0,23,42080,104,0
4,5.3,0.0,0.0,108,56,0,0,42080,104,0
4,4.3,0.0,0.0,95,55,0,1,42080,104,0
4,3.3,0.0,0.0,86,58,0,2,42080,104,0
4,2.6,0.0,0.0,86,55,0,3,42080,104,0
5,2.6,0.0,0.0,92,63,0,4,42080,104,0
5,2.2,0.0,0.0,84,57,0,5,42080,104,0
5,1.7,0.0,0.0,88,68,0,6,42080,104,0
5,1.2,0.0,0.0,96,63,0,7,42080,104,0
5,0.8,0.0,0.0,90,57,0,8,42080,104,2
5,1.4,0.0,0.0,83,51,0,9,42080,104,0
5,3.7,0.0,0.0,91,56,0,10,42080,104,0
5,7.1,0.0,0.0,90,66,0,11,42080,104,10
5,10.2,0.0,0.0,112,74,0,12,42080,104,8
5,12.2,0.0,0.0,126,60,0,13,42080,104,9
5,13.0,0.0,0.0,68,46,0,14,42080,104,7
5,13.1,0.0,0.0,69,47,0,15,42080,104,6
5,12.9,0.0,0.0,79,48,0,16,42080,104,2
5,11.0,0.0,0.0,75,50,0,17,42080,104,2
5,9.1,0.0,0.0,82,49,0,18,42080,104,2
5,8.9,0.0,0.0,75,47,0,19,42080,104,1
5,8.6,0.0,0.0,89,70,0,20,42080,104,2
5,8.0,0.0,0.0,123,77,0,21,42080,104,0
5,7.6,0.0,0.0,131,80,0,22,42080,104,0
5,7.2,0.0,0.0,125,84,0,23,42080,104,0
5,6.9,0.0,0.0,131,80,0,0,42080,104,0
5,6.6,0.0,0.0,117,71,0,1,42080,104,0
5,6.4,0.0,0.0,109,77,0,2,42080,104,0
5,6.0,0.0,0.0,109,86,0,3,42080,104,0
6,5.8,0.0,0.0,102,80,0,4,42080,104,0
6,5.7,0.0,0.0,110,73,0,5,42080,104,0
6,5.6,0.0,0.0,95,63,0,6,42080,104,0
6,5.3,0.0,0.0,106,69,0,7,42080,104,0
6,4.5,0.0,0.0,98,63,0,8,42080,104,0
6,5.3,0.0,0.0,82,53,0,9,42080,104,0
6,6.9,0.0,0.0,75,40,0,10,42080,104,0
6,8.2,0.0,0.0,66,22,0,11,42080,104,0
6,9.6,0.0,0.0,61,10,0,12,42080,104,1
6,10.0,0.0,0.0,52,3,0,13,42080,104,8
6,10.2,0.0,0.0,28,4,0,14,42080,104,3
6,9.6,0.0,0.0,37,7,0,15,42080,104,0
6,9.0,0.0,0.0,42,6,0,16,42080,104,2
6,6.9,0.0,0.0,42,13,0,17,42080,104,3
6,5.0,0.0,0.0,42,10,0,18,42080,104,0
6,3.6,0.0,0.0,45,12,0,19,42080,104,2
6,2.8,0.0,0.0,42,10,0,20,42080,104,4
6,2.4,0.0,0.0,44,10,0,21,42080,104,0
6,1.4,0.0,0.0,51,11,0,22,42080,104,0
6,0.4,0.0,0.0,28,12,0,23,42080,104,0
6,-0.7,0.0,0.0,36,9,0,0,42080,104,0
6,-1.8,0.0,0.0,17,5,0,1,42080,104,0
6,-2.5,0.0,0.0,19,8,0,2,42080,104,0
6,-2.8,0.0,0.0,15,6,0,3,42080,104,0
0,-3.3,0.0,0.0,19,5,0,4,42080,104,0
0,-4.3,0.0,0.0,19,8,0,5,42080,104,0
0,-4.3,0.0,0.0,12,7,0,6,42080,104,0
0,-4.5,0.0,0.0,16,7,0,7,42080,104,0
0,-4.9,0.0,0.0,18,9,0,8,42080,104,0
0,-3.4,0.0,0.0,20,14,0,9,42080,104,0
0,-0.7,0.0,0.0,27,16,0,10,42080,104,2
0,0.6,0.0,0.0,39,13,0,11,42080,104,0
0,2.1,0.0,0.0,38,11,0,12,42080,104,0
0,2.9,0.0,0.0,29,10,0,13,42080,104,4
0,3.8,0.0,0.0,21,7,0,14,42080,104,1
0,4.0,0.0,0.0,14,8,0,15,42080,104,3
0,4.0,0.0,0.0,20,10,0,16,42080,104,0
0,2.7,0.0,0.0,18,7,0,17,42080,104,0
0,1.0,0.0,0.0,22,12,0,18,42080,104,12
0,-0.4,0.0,0.0,26,16,0,19,42080,104,3
0,-0.9,0.0,0.0,29,21,0,20,42080,104,0
0,-1.3,0.0,0.0,39,28,0,21,42080,104,0
0,-1.9,0.0,0.0,37,23,0,22,42080,104,2
0,-2.1,0.0,0.0,40,20,0,23,42080,104,0
0,-2.6,0.0,0.0,37,22,0,0,42080,104,0
0,-3.5,0.0,0.0,39,26,0,1,42080,104,0
0,-4.2,0.0,0.0,0,27,0,2,42080,104,0
0,-4.3,0.0,0.0,32,21,0,3,42080,104,0
1,-5.0,0.0,0.0,24,14,0,4,42080,104,0
1,-5.0,0.0,0.0,0,26,0,5,42080,104,0
1,-5.5,0.0,0.0,26,12,0,6,42080,104,0
1,-5.4,0.0,0.0,25,18,0,7,42080,104,0
1,-5.3,0.0,0.0,31,17,0,8,42080,104,0
1,-4.2,0.0,0.0,28,19,0,9,42080,104,0
1,-2.1,0.0,0.0,37,36,0,10,42080,104,0
1,1.0,0.0,0.0,50,26,0,11,42080,104,0
1,2.2,0.0,0.0,57,22,0,12,42080,104,0
1,3.0,0.0,0.0,57,18,0,13,42080,104,0
1,3.5,0.0,0.0,42,21,0,14,42080,104,0
1,3.9,0.0,0.0,46,23,0,15,42080,104,0
1,4.5,0.0,0.0,38,27,0,16,42080,104,0
1,4.2,0.0,0.0,53,20,0,17,42080,104,0
1,3.0,0.0,0.0,32,16,0,18,42080,104,0
1,2.0,0.0,0.0,29,13,0,19,42080,104,0
1,1.4,0.0,0.0,38,21,0,20,42080,104,0
1,1.2,0.0,0.0,44,22,0,21,42080,104,0
1,1.2,0.0,0.0,37,32,0,22,42080,104,0
1,1.0,0.0,0.0,28,21,0,23,42080,104,0
1,1.5,0.0,0.0,39,23,0,0,42080,104,0
1,1.6,0.0,0.0,37,24,0,1,42080,104,0
1,1.9,0.0,0.0,0,40,0,2,42080,104,0
1,1.7,0.0,0.0,52,35,0,3,42080,104,0
2,1.7,0.0,0.0,46,33,0,4,42080,104,0
2,1.8,0.0,0.0,41,27,0,5,42080,104,0
2,2.0,0.0,0.0,29,25,0,6,42080,104,0
2,1.8,0.0,0.0,40,34,0,7,42080,104,0
2,1.4,0.0,0.0,56,34,0,8,42080,104,2
2,1.8,0.0,0.0,70,49,0,9,42080,104,0
2,2.6,0.0,0.0,98,58,0,10,42080,104,0
2,3.5,0.0,0.0,95,49,0,11,42080,104,0
2,4.6,0.0,0.0,98,44,0,12,42080,104,0
2,5.0,0.0,0.0,96,27,0,13,42080,104,0
2,5.6,0.0,0.0,66,23,0,14,42080,104,0
2,4.8,0.0,0.0,58,24,0,15,42080,104,1
2,3.6,0.0,0.0,49,22,0,16,42080,104,6
2,2.6,0.0,0.0,53,21,0,17,42080,104,3
2,1.1,0.0,0.0,42,16,0,18,42080,104,2
2,0.4,0.0,0.0,31,13,0,19,42080,104,0
2,-0.2,0.0,0.0,38,13,0,20,42080,104,0
2,-0.8,0.0,0.0,29,10,0,21,42080,104,0
2,-0.9,0.0,0.0,30,13,0,22,42080,104,1
2,-1.2,0.0,0.0,39,6,0,23,42080,104,0
2,-1.5,0.0,0.0,16,5,0,0,42080,104,0
2,-2.1,0.0,0.0,18,7,0,1,42080,104,0
2,-2.9,0.0,0.0,22,3,0,2,42080,104,0
2,-4.4,0.0,0.0,21,4,0,3,42080,104,0
3,-5.4,0.0,0.0,23,7,0,4,42080,104,0
3,-6.3,0.0,0.0,20,6,0,5,42080,104,0
3,-7.1,0.0,0.0,23,6,0,6,42080,104,0
3,-7.8,0.0,0.0,20,6,0,7,42080,104,4
3,-7.9,0.0,0.0,9,3,0,8,42080,104,2
3,-7.2,0.0,0.0,15,4,0,9,42080,104,1
3,-6.5,0.0,0.0,13,6,0,10,42080,104,1
3,-5.2,0.0,0.0,10,4,0,11,42080,104,0
3,-4.3,0.0,0.0,11,4,0,12,42080,104,2
3,-3.6,0.0,0.0,18,3,0,13,42080,104,2
3,-3.1,0.0,0.0,18,3,0,14,42080,104,0
3,-3.0,0.0,0.0,26,8,0,15,42080,104,1
3,-3.5,0.0,0.0,22,4,0,16,42080,104,3
3,-5.0,0.0,0.0,36,6,0,17,42080,104,3
3,-5.7,0.0,0.0,22,5,0,18,42080,104,0
3,-6.5,0.0,0.0,29,6,0,19,42080,104,5
3,-7.3,0.0,0.0,0,6,0,20,42080,104,1
3,-7.8,0.0,0.0,11,6,0,21,42080,104,1
3,-8.2,0.0,0.0,17,4,0,22,42080,104,0
3,-8.3,0.0,0.0,13,8,0,23,42080,104,0
3,-8.0,0.0,0.0,13,6,0,0,42080,104,0
3,-8.6,0.0,0.0,11,8,0,1,42080,104,0
3,-9.2,0.0,0.0,16,14,0,2,42080,104,0
3,-9.1,0.0,0.0,15,15,0,3,42080,104,0
4,-9.9,0.0,0.0,22,14,0,4,42080,104,0
4,-10.8,0.0,0.0,18,15,0,5,42080,104,0
4,-11.1,0.0,0.0,27,15,0,6,42080,104,0
4,-10.8,0.0,0.0,33,14,0,7,42080,104,0
4,-10.9,0.0,0.0,43,18,0,8,42080,104,2
4,-10.5,0.0,0.3,35,19,0,9,42080,104,1
4,-10.0,0.0,0.3,39,17,0,10,42080,104,0
4,-8.7,0.0,0.3,48,21,0,11,42080,104,0
4,-7.3,0.0,0.0,51,18,0,12,42080,104,0
4,-6.1,0.0,0.0,51,14,0,13,42080,104,1
4,-5.5,0.0,0.0,58,15,0,14,42080,104,2
4,-4.4,0.0,0.0,57,21,0,15,42080,104,0
4,-4.2,0.0,0.0,46,22,0,16,42080,104,1
4,-5.6,0.0,0.0,41,13,0,17,42080,104,4
4,-7.1,0.0,0.0,39,9,0,18,42080,104,1
4,-8.1,0.0,0.0,43,17,0,19,42080,104,2
4,-8.7,0.0,0.0,56,13,0,20,42080,104,3
4,-9.3,0.0,0.0,31,16,0,21,42080,104,0
4,-9.5,0.0,0.0,43,21,0,22,42080,104,0
4,-9.7,0.0,0.0,49,20,0,23,42080,104,0
4,-9.7,0.0,0.0,44,26,0,0,42080,104,0
4,-10.3,0.0,0.0,39,27,0,1,42080,104,0
4,-10.4,0.0,0.0,41,30,0,2,42080,104,0
4,-10.5,0.0,0.0,41,30,0,3,42080,104,0
5,-10.2,0.0,0.0,39,21,0,4,42080,104,0
5,-10.1,0.0,0.0,50,22,0,5,42080,104,0
5,-10.1,0.0,0.0,40,18,0,6,42080,104,0
5,-10.5,0.0,0.0,32,13,0,7,42080,104,0
5,-10.2,0.0,0.0,31,7,0,8,42080,104,0
5,-8.5,0.0,0.0,29,4,0,9,42080,104,0
5,-6.2,0.0,0.0,50,9,0,10,42080,104,5
5,-5.2,0.0,0.0,72,11,0,11,42080,104,0
5,-3.5,0.0,0.0,70,11,0,12,42080,104,3
5,-2.3,0.0,0.0,66,13,0,13,42080,104,9
5,-1.5,0.0,0.0,58,4,0,14,42080,104,16
5,-0.8,0.0,0.0,47,5,0,15,42080,104,0
5,-1.4,0.0,0.0,44,4,0,16,42080,104,2
5,-2.9,0.0,0.0,28,8,0,17,42080,104,0
5,-4.0,0.0,0.0,27,8,0,18,42080,104,0
5,-4.9,0.0,0.0,35,6,0,19,42080,104,1
5,-5.5,0.0,0.0,25,7,0,20,42080,104,0
5,-5.8,0.0,0.0,34,8,0,21,42080,104,0
5,-6.1,0.0,0.0,30,12,0,22,42080,104,1
5,-6.2,0.0,0.0,35,14,0,23,42080,104,0
5,-5.9,0.0,0.0,32,13,0,0,42080,104,0
5,-6.5,0.0,0.0,44,13,0,1,42080,104,0
5,-7.1,0.0,0.0,29,11,0,2,42080,104,0
5,-8.3,0.0,0.0,36,12,0,3,42080,104,0
6,-8.9,0.0,0.0,27,11,0,4,42080,104,0
6,-9.2,0.0,0.0,22,8,0,5,42080,104,0
6,-9.4,0.0,0.0,28,13,0,6,42080,104,0
6,-9.9,0.0,0.0,23,15,0,7,42080,104,0
6,-10.3,0.0,0.0,16,15,0,8,42080,104,1
6,-8.7,0.0,0.0,20,13,0,9,42080,104,2
6,-6.0,0.0,0.0,29,10,0,10,42080,104,0
6,-4.5,0.0,0.0,37,11,0,11,42080,104,0
6,-3.2,0.0,0.0,33,8,0,12,42080,104,0
6,-2.5,0.0,0.0,26,6,0,13,42080,104,4
6,-1.0,0.0,0.0,24,11,0,14,42080,104,1
6,-0.6,0.0,0.0,20,14,0,15,42080,104,2
6,-0.2,0.0,0.0,26,18,0,16,42080,104,0
6,-1.6,0.0,0.0,46,16,0,17,42080,104,0
6,-2.7,0.0,0.0,36,13,0,18,42080,104,0
6,-3.5,0.0,0.0,35,10,0,19,42080,104,0
6,-4.3,0.0,0.0,42,19,0,20,42080,104,0
6,-4.5,0.0,0.0,48,25,0,21,42080,104,0
6,-4.9,0.0,0.0,31,25,0,22,42080,104,0
6,-5.3,0.0,0.0,46,22,0,23,42080,104,0
6,-5.9,0.0,0.0,27,0,0,0,42080,104,0
6,-6.8,0.0,0.0,40,0,0,1,42080,104,0
6,-7.3,0.0,0.0,42,39,0,2,42080,104,0
6,-8.0,0.0,0.0,46,26,0,3,42080,104,0
0,-8.7,0.0,0.0,40,29,0,4,42080,104,0
0,-9.1,0.0,0.0,40,34,0,5,42080,104,0
0,-10.0,0.0,0.0,42,33,0,6,42080,104,0
0,-10.3,0.0,0.0,38,28,0,7,42080,104,0
0,-10.7,0.0,0.0,38,26,0,8,42080,104,3
0,-9.2,0.0,0.0,44,32,0,9,42080,104,1
0,-6.2,0.0,0.0,0,45,0,10,42080,104,3
0,-3.5,0.0,0.0,62,49,0,11,42080,104,0
0,-1.4,0.0,0.0,77,44,0,12,42080,104,0
0,0.2,0.0,0.0,84,44,0,13,42080,104,2
0,1.1,0.0,0.0,65,33,0,14,42080,104,1
0,1.7,0.0,0.0,43,27,0,15,42080,104,0
0,1.9,0.0,0.0,43,33,0,16,42080,104,1
0,0.1,0.0,0.0,53,33,0,17,42080,104,4
0,-1.6,0.0,0.0,54,43,0,18,42080,104,0
0,-2.8,0.0,0.0,56,42,0,19,42080,104,0
0,-3.5,0.0,0.0,64,40,0,20,42080,104,0
0,-4.0,0.0,0.0,51,30,0,21,42080,104,0
0,-4.6,0.0,0.0,46,28,0,22,42080,104,0
0,-5.2,0.0,0.0,52,38,0,23,42080,104,0
0,-4.9,0.0,0.0,56,38,0,0,42080,104,0
0,-4.4,0.0,0.0,55,40,0,1,42080,104,0
0,-3.9,0.0,0.0,65,50,0,2,42080,104,0
0,-4.4,0.0,0.0,73,39,0,3,42080,104,0
1,19.3,0.0,0.0,35,34,0,4,42080,104,0
1,19.0,0.0,0.0,32,31,0,5,42080,104,0
1,18.6,0.0,0.0,34,32,0,6,42080,104,0
1,18.6,0.0,0.0,41,30,0,7,42080,104,0
1,19.4,0.0,0.0,42,32,0,8,42080,104,3
1,20.6,0.0,0.0,0,37,0,9,42080,104,1
1,21.9,0.0,0.0,48,36,0,10,42080,104,0
1,23.4,0.0,0.0,58,46,0,11,42080,104,0
1,24.5,0.0,0.0,65,43,0,12,42080,104,2
1,25.4,0.0,0.0,57,34,0,13,42080,104,0
1,25.7,0.0,0.0,56,29,0,14,42080,104,0
1,25.5,0.0,0.0,40,23,0,15,42080,104,0
1,25.1,0.0,0.0,42,16,0,16,42080,104,0
1,24.6,0.0,0.0,24,19,0,17,42080,104,0
1,24.2,0.0,0.0,20,10,0,18,42080,104,1
1,23.6,0.0,0.0,22,17,0,19,42080,104,2
1,23.1,0.0,0.0,9,9,0,20,42080,104,0
1,22.5,0.0,0.0,11,9,0,21,42080,104,1
1,22.0,0.0,0.0,14,11,0,22,42080,104,0
1,21.7,0.0,0.0,17,11,0,23,42080,104,0
1,21.7,0.0,0.0,16,13,0,0,42080,104,0
1,21.9,0.0,0.0,14,14,0,1,42080,104,0
1,21.8,0.0,0.0,20,19,0,2,42080,104,0
1,21.7,0.0,0.0,23,20,0,3,42080,104,0
2,21.9,0.0,0.0,25,22,0,4,42080,104,0
2,22.0,0.0,0.0,24,16,0,5,42080,104,0
2,22.2,0.0,0.0,17,13,0,6,42080,104,0
2,21.7,0.3,0.0,14,9,0,7,42080,104,0
2,21.4,0.3,0.0,11,10,0,8,42080,104,6
2,21.1,0.9,0.0,12,11,0,9,42080,104,1
2,21.2,1.8,0.0,18,6,0,10,42080,104,0
2,21.0,4.5,0.0,14,12,0,11,42080,104,0
2,20.8,4.6,0.0,15,11,0,12,42080,104,2
2,20.9,5.2,0.0,9,4,0,13,42080,104,2
2,20.9,4.9,0.0,6,2,0,14,42080,104,7
2,21.0,4.6,0.0,6,1,0,15,42080,104,0
2,21.0,6.0,0.0,7,3,0,16,42080,104,2
2,21.0,3.3,0.0,6,1,0,17,42080,104,4
2,21.0,4.1,0.0,8,1,0,18,42080,104,5
2,21.0,2.7,0.0,6,1,0,19,42080,104,6
2,20.9,5.6,0.0,6,2,0,20,42080,104,0
2,20.8,4.7,0.0,6,4,0,21,42080,104,0
2,20.7,6.5,0.0,6,1,0,22,42080,104,1
2,20.5,11.0,0.0,6,1,0,23,42080,104,0
2,20.3,11.5,0.0,6,2,0,0,42080,104,0
2,20.2,5.8,0.0,6,1,0,1,42080,104,0
2,20.0,0.6,0.0,6,1,0,2,42080,104,0
2,19.8,0.4,0.0,6,1,0,3,42080,104,0
3,19.7,0.9,0.0,6,0,0,4,42080,104,0
3,19.5,3.1,0.0,6,0,0,5,42080,104,0
3,19.5,0.1,0.0,6,1,0,6,42080,104,0
3,19.7,0.1,0.0,6,1,0,7,42080,104,0
3,19.8,0.0,0.0,6,1,0,8,42080,104,0
3,20.8,0.0,0.0,6,2,0,9,42080,104,1
3,23.0,0.0,0.0,6,1,0,10,42080,104,4
3,23.8,0.0,0.0,6,3,0,11,42080,104,7
3,25.1,0.0,0.0,0,10,0,12,42080,104,0
3,25.4,0.0,0.0,0,8,0,13,42080,104,3
3,26.0,0.0,0.0,0,8,0,14,42080,104,4
3,26.0,0.0,0.0,0,8,0,15,42080,104,5
3,26.3,0.0,0.0,6,6,0,16,42080,104,0
3,26.1,0.0,0.0,6,0,0,17,42080,104,0
3,24.6,0.0,0.0,8,0,0,18,42080,104,1
3,23.3,0.0,0.0,9,0,0,19,42080,104,0
3,22.6,0.0,0.0,8,0,0,20,42080,104,0
3,21.8,0.0,0.0,6,0,0,21,42080,104,0
3,21.2,0.0,0.0,9,0,0,22,42080,104,1
3,20.7,0.0,0.0,18,11,0,23,42080,104,0
3,20.0,0.0,0.0,18,11,0,0,42080,104,0
3,19.8,0.0,0.0,18,14,0,1,42080,104,0
3,19.9,0.0,0.0,18,0,0,2,42080,104,0
3,19.9,0.0,0.0,16,15,0,3,42080,104,0
4,19.8,0.0,0.0,19,10,0,4,42080,104,0
4,19.9,0.0,0.0,26,12,0,5,42080,104,0
4,19.8,0.0,0.0,26,9,0,6,42080,104,0
4,20.0,0.0,0.0,19,10,0,7,42080,104,1
4,20.2,0.0,0.0,30,11,0,8,42080,104,0
4,20.7,0.0,0.0,24,10,0,9,42080,104,2
4,21.1,0.0,0.0,22,11,0,10,42080,104,3
4,22.4,0.0,0.0,23,16,0,11,42080,104,0
4,24.3,0.0,0.0,26,21,0,12,42080,104,0
4,25.9,0.0,0.0,26,17,0,13,42080,104,0
4,26.6,0.0,0.0,24,13,0,14,42080,104,0
4,26.6,0.0,0.0,20,14,0,15,42080,104,0
4,27.2,0.0,0.0,27,11,0,16,42080,104,0
4,26.3,0.0,0.0,27,9,0,17,42080,104,5
4,25.1,0.0,0.0,21,15,0,18,42080,104,5
4,24.0,0.0,0.0,0,25,0,19,42080,104,6
4,23.4,0.0,0.0,25,18,0,20,42080,104,0
4,22.5,0.0,0.0,28,19,0,21,42080,104,0
4,21.9,0.0,0.0,45,28,0,22,42080,104,0
4,21.3,0.0,0.0,47,34,0,23,42080,104,0
4,21.1,0.0,0.0,69,58,0,0,42080,104,0
4,20.9,0.0,0.0,94,56,0,1,42080,104,0
4,20.6,0.0,0.0,90,59,0,2,42080,104,0
4,20.4,0.0,0.0,82,56,0,3,42080,104,0
5,20.1,0.0,0.0,77,43,0,4,42080,104,0
5,19.8,0.0,0.0,66,36,0,5,42080,104,0
5,19.4,0.0,0.0,59,28,0,6,42080,104,0
5,19.1,0.0,0.0,53,32,0,7,42080,104,1
5,19.2,0.0,0.0,47,29,0,8,42080,104,4
5,19.5,0.0,0.0,57,26,0,9,42080,104,0
5,20.1,0.0,0.0,49,22,0,10,42080,104,4
5,19.8,0.0,0.0,51,25,0,11,42080,104,0
5,19.6,0.0,0.0,56,23,0,12,42080,104,0
5,19.9,0.0,0.0,40,20,0,13,42080,104,0
5,20.3,0.0,0.0,21,14,0,14,42080,104,8
5,20.7,0.0,0.0,30,12,0,15,42080,104,0
5,20.8,0.0,0.0,29,15,0,16,42080,104,1
5,20.4,0.0,0.0,31,14,0,17,42080,104,2
5,19.9,0.0,0.0,27,9,0,18,42080,104,2
5,18.8,0.0,0.0,24,12,0,19,42080,104,1
5,18.2,0.0,0.0,21,15,0,20,42080,104,0
5,17.8,0.0,0.0,24,17,0,21,42080,104,0
5,17.5,0.0,0.0,27,16,0,22,42080,104,0
5,17.1,0.0,0.0,21,17,0,23,42080,104,0
5,16.6,0.0,0.0,32,13,0,0,42080,104,0
5,16.7,0.0,0.0,17,9,0,1,42080,104,0
5,16.5,0.0,0.0,12,2,0,2,42080,104,0
5,16.2,0.0,0.0,6,1,0,3,42080,104,0
6,16.2,0.0,0.0,6,2,0,4,42080,104,0
6,16.3,0.0,0.0,6,2,0,5,42080,104,0
6,15.9,0.0,0.0,6,1,0,6,42080,104,0
6,15.6,0.0,0.0,6,3,0,7,42080,104,0
6,16.3,0.0,0.0,6,2,0,8,42080,104,0
6,17.7,0.0,0.0,6,2,0,9,42080,104,0
6,18.3,0.0,0.0,9,2,0,10,42080,104,0
6,20.2,0.0,0.0,18,3,0,11,42080,104,0
6,21.3,0.0,0.0,13,5,0,12,42080,104,0
6,21.0,0.0,0.0,13,2,0,13,42080,104,9
6,21.3,0.0,0.0,13,6,0,14,42080,104,5
6,22.4,0.0,0.0,14,4,0,15,42080,104,0
6,21.6,0.0,0.0,22,6,0,16,42080,104,1
6,20.4,0.0,0.0,18,7,0,17,42080,104,0
6,19.2,0.0,0.0,30,5,0,18,42080,104,1
6,18.4,0.0,0.0,18,8,0,19,42080,104,1
6,18.0,0.0,0.0,20,8,0,20,42080,104,1
6,17.8,0.0,0.0,18,6,0,21,42080,104,0
6,17.6,0.0,0.0,21,9,0,22,42080,104,0
6,17.3,0.0,0.0,15,5,0,23,42080,104,0
6,17.0,0.0,0.0,20,5,0,0,42080,104,0
6,16.5,0.0,0.0,15,5,0,1,42080,104,0
6,16.3,0.0,0.0,14,2,0,2,42080,104,0
6,16.2,0.0,0.0,12,7,0,3,42080,104,0
0,15.5,0.1,0.0,12,6,0,4,42080,104,0
0,14.9,0.4,0.0,20,8,0,5,42080,104,0
0,15.1,0.1,0.0,11,4,0,6,42080,104,0
0,14.7,0.8,0.0,8,6,0,7,42080,104,0
0,14.6,0.5,0.0,9,0,0,8,42080,104,0
0,15.1,0.2,0.0,12,10,0,9,42080,104,1
0,15.9,0.3,0.0,14,10,0,10,42080,104,4
0,16.1,0.2,0.0,20,6,0,11,42080,104,1
0,16.3,0.2,0.0,12,12,0,12,42080,104,0
0,15.6,1.2,0.0,14,8,0,13,42080,104,0
0,15.7,1.5,0.0,13,7,0,14,42080,104,0
0,15.7,2.8,0.0,6,2,0,15,42080,104,2
0,15.7,2.4,0.0,6,6,0,16,42080,104,0
0,15.8,0.9,0.0,6,2,0,17,42080,104,4
0,15.8,0.2,0.0,6,1,0,18,42080,104,5
0,15.8,0.0,0.0,6,3,0,19,42080,104,2
0,15.8,0.0,0.0,6,4,0,20,42080,104,3
0,15.8,0.0,0.0,6,5,0,21,42080,104,1
0,15.8,0.0,0.0,6,5,0,22,42080,104,0
0,15.5,0.0,0.0,0,7,0,23,42080,104,0
0,15.2,0.0,0.0,8,8,0,0,42080,104,0
0,15.0,0.0,0.0,16,11,0,1,42080,104,0
0,14.8,0.0,0.0,16,3,0,2,42080,104,0
0,14.6,0.0,0.0,17,9,0,3,42080,104,0
1,14.2,0.0,0.0,20,8,0,4,42080,104,0
1,14.1,0.0,0.0,12,5,0,5,42080,104,0
1,14.0,0.0,0.0,23,3,0,6,42080,104,0
1,14.0,0.0,0.0,19,6,0,7,42080,104,0
1,14.5,0.0,0.0,16,6,0,8,42080,104,0
1,16.2,0.0,0.0,22,9,0,9,42080,104,0
1,17.8,0.0,0.0,22,14,0,10,42080,104,0
1,19.5,0.0,0.0,25,12,0,11,42080,104,0
1,20.2,0.0,0.0,44,17,0,12,42080,104,2
1,21.3,0.0,0.0,45,27,0,13,42080,104,3
1,21.3,0.0,0.0,45,21,0,14,42080,104,3
1,21.4,0.0,0.0,40,15,0,15,42080,104,0
1,20.2,0.0,0.0,30,8,0,16,42080,104,1
1,18.3,0.0,0.0,30,6,0,17,42080,104,3
1,16.2,0.0,0.0,16,4,0,18,42080,104,4
1,14.3,0.0,0.0,19,6,0,19,42080,104,5
1,13.1,0.0,0.0,20,6,0,20,42080,104,0
1,12.1,0.0,0.0,16,8,0,21,42080,104,1
1,11.4,0.0,0.0,14,4,0,22,42080,104,0
1,10.8,0.0,0.0,13,8,0,23,42080,104,0
1,9.9,0.0,0.0,15,6,0,0,42080,104,0
1,9.3,0.0,0.0,13,6,0,1,42080,104,0
1,8.8,0.0,0.0,13,6,0,2,42080,104,0
1,8.3,0.0,0.0,11,6,0,3,42080,104,0
2,7.7,0.0,0.0,10,8,0,4,42080,104,0
2,7.2,0.0,0.0,12,4,0,5,42080,104,0
2,6.8,0.0,0.0,10,7,0,6,42080,104,0
2,6.6,0.0,0.0,12,2,0,7,42080,104,0
2,8.3,0.0,0.0,18,8,0,8,42080,104,1
2,11.5,0.0,0.0,13,11,0,9,42080,104,0
2,13.8,0.0,0.0,32,14,0,10,42080,104,0
2,16.0,0.0,0.0,28,12,0,11,42080,104,3
2,17.4,0.0,0.0,27,5,0,12,42080,104,3
2,18.8,0.0,0.0,33,5,0,13,42080,104,11
2,19.9,0.0,0.0,22,3,0,14,42080,104,16
2,20.1,0.0,0.0,27,6,0,15,42080,104,0
2,19.3,0.0,0.0,22,4,0,16,42080,104,1
2,18.9,0.0,0.0,26,5,0,17,42080,104,1
2,17.1,0.0,0.0,21,14,0,18,42080,104,2
2,15.3,0.0,0.0,27,12,0,19,42080,104,1
2,14.2,0.0,0.0,19,9,0,20,42080,104,0
2,13.2,0.0,0.0,23,16,0,21,42080,104,0
2,12.4,0.0,0.0,19,12,0,22,42080,104,0
2,11.9,0.0,0.0,24,11,0,23,42080,104,0
2,11.1,0.0,0.0,18,9,0,0,42080,104,0
2,10.8,0.0,0.0,20,19,0,1,42080,104,0
2,10.4,0.0,0.0,24,23,0,2,42080,104,0
2,10.1,0.0,0.0,24,18,0,3,42080,104,0
3,9.6,0.0,0.0,20,16,0,4,42080,104,0
3,9.8,0.0,0.0,14,12,0,5,42080,104,0
3,9.8,0.0,0.0,18,13,0,6,42080,104,0
3,10.1,0.0,0.0,20,12,0,7,42080,104,0
3,10.8,0.0,0.0,14,12,0,8,42080,104,3
3,11.7,0.0,0.0,23,11,0,9,42080,104,0
3,13.2,0.0,0.0,29,18,0,10,42080,104,0
3,14.9,0.0,0.0,42,23,0,11,42080,104,0
3,16.3,0.0,0.0,54,26,0,12,42080,104,0
3,17.9,0.0,0.0,49,21,0,13,42080,104,0
3,18.1,0.0,0.0,49,18,0,14,42080,104,0
3,19.6,0.0,0.0,46,14,0,15,42080,104,2
3,19.2,0.0,0.0,44,15,0,16,42080,104,1
3,18.4,0.0,0.0,29,19,0,17,42080,104,4
3,17.2,0.0,0.0,43,34,0,18,42080,104,3
3,16.5,0.0,0.0,48,28,0,19,42080,104,2
3,16.3,0.0,0.0,41,20,0,20,42080,104,3
3,15.4,0.0,0.0,42,25,0,21,42080,104,0
3,14.6,0.0,0.0,52,18,0,22,42080,104,0
3,13.4,0.0,0.0,35,16,0,23,42080,104,0
3,13.0,0.0,0.0,41,23,0,0,42080,104,0
3,12.5,0.0,0.0,42,20,0,1,42080,104,0
3,12.2,0.0,0.0,45,32,0,2,42080,104,0
3,12.0,0.0,0.0,48,33,0,3,42080,104,0
4,12.0,0.0,0.0,55,29,0,4,42080,104,0
4,11.9,0.0,0.0,46,23,0,5,42080,104,0
4,12.2,0.0,0.0,50,25,0,6,42080,104,0
4,12.3,0.0,0.0,59,28,0,7,42080,104,0
4,13.0,0.0,0.0,57,24,0,8,42080,104,0
4,14.1,0.0,0.0,55,26,0,9,42080,104,2
4,15.1,0.0,0.0,74,38,0,10,42080,104,0
4,18.3,0.0,0.0,78,36,0,11,42080,104,0
4,20.1,0.0,0.0,73,22,0,12,42080,104,3
4,21.4,0.0,0.0,60,21,0,13,42080,104,0
4,23.2,0.0,0.0,57,14,0,14,42080,104,0
4,24.2,0.0,0.0,42,10,0,15,42080,104,0
4,24.2,0.0,0.0,29,9,0,16,42080,104,0
4,22.8,0.0,0.0,22,16,0,17,42080,104,0
4,21.1,0.0,0.0,35,28,0,18,42080,104,4
4,20.0,0.0,0.0,33,30,0,19,42080,104,4
4,19.0,0.0,0.0,41,25,0,20,42080,104,0
4,18.6,0.0,0.0,38,20,0,21,42080,104,0
4,18.4,0.0,0.0,36,21,0,22,42080,104,3
4,18.1,0.0,0.0,31,12,0,23,42080,104,0
4,17.2,0.0,0.0,26,12,0,0,42080,104,0
4,16.2,0.0,0.0,25,12,0,1,42080,104,0
4,15.5,0.0,0.0,23,12,0,2,42080,104,0
4,15.0,0.0,0.0,29,19,0,3,42080,104,0
5,14.8,0.0,0.0,0,22,0,4,42080,104,0
5,14.2,0.0,0.0,34,19,0,5,42080,104,0
5,14.1,0.0,0.0,29,20,0,6,42080,104,0
5,14.0,0.0,0.0,29,19,0,7,42080,104,1
5,15.3,0.0,0.0,34,16,0,8,42080,104,4
5,17.8,0.0,0.0,37,16,0,9,42080,104,1
5,19.7,0.0,0.0,31,8,0,10,42080,104,5
5,21.9,0.0,0.0,33,16,0,11,42080,104,3
5,22.5,0.0,0.0,29,15,0,12,42080,104,5
5,23.1,0.0,0.0,24,12,0,13,42080,104,0
5,23.4,0.0,0.0,24,10,0,14,42080,104,0
5,24.1,0.0,0.0,27,9,0,15,42080,104,0
5,23.3,0.0,0.0,26,8,0,16,42080,104,0
5,22.2,0.0,0.0,26,7,0,17,42080,104,0
5,20.6,0.0,0.0,23,6,0,18,42080,104,11
5,19.5,0.0,0.0,27,10,0,19,42080,104,7
5,18.5,0.0,0.0,18,11,0,20,42080,104,0
5,17.6,0.0,0.0,22,10,0,21,42080,104,0
5,16.7,0.0,0.0,21,11,0,22,42080,104,0
5,15.5,0.0,0.0,19,4,0,23,42080,104,0
5,14.8,0.0,0.0,19,7,0,0,42080,104,0
5,13.9,0.0,0.0,18,12,0,1,42080,104,0
5,13.7,0.0,0.0,0,14,0,2,42080,104,0
5,12.8,0.0,0.0,10,10,0,3,42080,104,0
6,12.1,0.0,0.0,10,9,0,4,42080,104,0
6,11.3,0.0,0.0,14,11,0,5,42080,104,0
6,10.8,0.0,0.0,11,10,0,6,42080,104,0
6,10.7,0.0,0.0,11,9,0,7,42080,104,0
6,12.5,0.0,0.0,10,6,0,8,42080,104,0
6,15.1,0.0,0.0,0,11,0,9,42080,104,3
6,18.3,0.0,0.0,20,6,0,10,42080,104,0
6,20.4,0.0,0.0,25,8,0,11,42080,104,0
6,21.7,0.0,0.0,26,9,0,12,42080,104,0
6,22.5,0.0,0.0,18,4,0,13,42080,104,4
6,22.2,0.0,0.0,16,2,0,14,42080,104,21
6,22.6,0.0,0.0,23,8,0,15,42080,104,0
6,22.5,0.0,0.0,24,7,0,16,42080,104,0
6,20.9,0.0,0.0,20,7,0,17,42080,104,0
6,19.6,0.0,0.0,25,1,0,18,42080,104,0
6,18.3,0.0,0.0,22,7,0,19,42080,104,0
6,16.9,0.0,0.0,18,11,0,20,42080,104,2
6,15.8,0.0,0.0,18,12,0,21,42080,104,0
6,15.9,0.0,0.0,19,13,0,22,42080,104,0
6,16.0,0.0,0.0,23,9,0,23,42080,104,0
6,15.5,0.0,0.0,19,5,0,0,42080,104,0
6,15.1,0.0,0.0,17,6,0,1,42080,104,0
6,13.7,0.0,0.0,16,3,0,2,42080,104,0
6,13.0,0.0,0.0,16,8,0,3,42080,104,0
0,12.5,0.0,0.0,13,10,0,4,42080,104,0
0,12.0,0.0,0.0,10,8,0,5,42080,104,0
0,11.6,0.0,0.0,11,8,0,6,42080,104,0
0,11.5,0.0,0.0,12,6,0,7,42080,104,0
0,12.6,0.0,0.0,15,8,0,8,42080,104,3
0,14.6,0.0,0.0,0,18,0,9,42080,104,1
0,16.3,0.0,0.0,26,16,0,10,42080,104,9
0,19.0,0.0,0.0,33,12,0,11,42080,104,0
0,19.6,0.0,0.0,30,18,0,12,42080,104,2
0,19.3,0.0,0.0,36,18,0,13,42080,104,1
0,20.7,0.0,0.0,51,22,0,14,42080,104,0
0,19.8,0.0,0.0,56,28,0,15,42080,104,2
0,19.7,0.0,0.0,52,23,0,16,42080,104,1
0,18.2,0.0,0.0,34,16,0,17,42080,104,0
0,15.9,0.0,0.0,30,19,0,18,42080,104,2
0,13.8,0.0,0.0,29,20,0,19,42080,104,5
0,12.5,0.0,0.0,29,18,0,20,42080,104,3
0,12.1,0.0,0.0,26,17,0,21,42080,104,4
0,11.4,0.0,0.0,26,14,0,22,42080,104,8
0,10.6,0.0,0.0,21,9,0,23,42080,104,0
0,9.8,0.0,0.0,24,15,0,0,42080,104,0
0,9.1,0.0,0.0,24,17,0,1,42080,104,0
0,8.9,0.0,0.0,18,12,0,2,42080,104,0
0,8.2,0.0,0.0,16,11,0,3,42080,104,0
1,9.0,0.0,0.0,16,12,0,4,42080,104,0
1,9.5,0.0,0.0,27,13,0,5,42080,104,0
1,9.9,0.0,0.0,26,15,0,6,42080,104,0
1,10.1,0.0,0.0,27,16,0,7,42080,104,0
1,11.4,0.0,0.0,45,16,0,8,42080,104,0
1,13.5,0.0,0.0,41,15,0,9,42080,104,1
1,15.5,0.0,0.0,37,10,0,10,42080,104,0
1,17.7,0.0,0.0,26,4,0,11,42080,104,1
1,19.6,0.0,0.0,19,5,0,12,42080,104,3
1,19.6,0.0,0.0,15,4,0,13,42080,104,0
1,19.6,0.0,0.0,17,4,0,14,42080,104,0
1,20.0,0.0,0.0,25,6,0,15,42080,104,0
1,19.5,0.0,0.0,27,7,0,16,42080,104,0
1,18.2,0.0,0.0,35,6,0,17,42080,104,0
1,16.8,0.0,0.0,34,5,0,18,42080,104,3
1,15.9,0.0,0.0,20,8,0,19,42080,104,6
1,14.9,0.0,0.0,23,12,0,20,42080,104,4
1,14.2,0.0,0.0,20,10,0,21,42080,104,4
1,12.9,0.0,0.0,18,10,0,22,42080,104,3
1,12.0,0.0,0.0,15,11,0,23,42080,104,0
1,11.5,0.0,0.0,14,9,0,0,42080,104,0
1,11.1,0.0,0.0,12,10,0,1,42080,104,0
1,10.9,0.0,0.0,10,6,0,2,42080,104,0
1,10.6,0.0,0.0,10,0,0,3,42080,104,0
2,10.2,0.0,0.0,12,12,0,4,42080,104,0
2,9.6,0.0,0.0,13,9,0,5,42080,104,0
2,9.3,0.0,0.0,11,9,0,6,42080,104,0
2,9.2,0.0,0.0,12,8,0,7,42080,104,0
2,10.4,0.0,0.0,14,7,0,8,42080,104,3
2,12.7,0.0,0.0,15,8,0,9,42080,104,0
2,15.1,0.0,0.0,19,13,0,10,42080,104,0
2,17.2,0.0,0.0,30,13,0,11,42080,104,0
2,19.2,0.0,0.0,29,17,0,12,42080,104,2
2,19.6,0.0,0.0,29,8,0,13,42080,104,0
2,20.4,0.0,0.0,23,10,0,14,42080,104,0
2,20.4,0.0,0.0,32,9,0,15,42080,104,1
2,20.3,0.0,0.0,30,13,0,16,42080,104,2
2,18.5,0.0,0.0,24,12,0,17,42080,104,5
2,17.0,0.0,0.0,20,15,0,18,42080,104,5
2,15.3,0.0,0.0,23,16,0,19,42080,104,5
2,14.5,0.0,0.0,27,17,0,20,42080,104,6
2,13.9,0.0,0.0,27,22,0,21,42080,104,3
2,13.6,0.0,0.0,37,22,0,22,42080,104,4
2,13.4,0.0,0.0,45,28,0,23,42080,104,0
2,13.1,0.0,0.0,51,27,0,0,42080,104,0
2,12.6,0.0,0.0,57,24,0,1,42080,104,0
2,12.1,0.0,0.0,54,24,0,2,42080,104,0
2,11.5,0.0,0.0,45,27,0,3,42080,104,0
3,11.5,0.0,0.0,45,21,0,4,42080,104,0
3,11.4,0.0,0.0,36,20,0,5,42080,104,0
3,11.3,0.0,0.0,34,21,0,6,42080,104,0
3,11.5,0.0,0.0,44,20,0,7,42080,104,0
3,12.0,0.0,0.0,46,25,0,8,42080,104,0
3,13.2,0.0,0.0,55,30,0,9,42080,104,0
3,14.6,0.0,0.0,89,54,0,10,42080,104,3
3,17.3,0.0,0.0,72,43,0,11,42080,104,0
3,19.1,0.0,0.0,83,19,0,12,42080,104,0
3,19.5,0.0,0.0,45,10,0,13,42080,104,1
3,19.3,0.0,0.0,26,13,0,14,42080,104,5
3,20.1,0.0,0.0,28,13,0,15,42080,104,1
3,20.2,0.0,0.0,31,9,0,16,42080,104,1
3,18.5,0.0,0.0,34,11,0,17,42080,104,7
3,17.1,0.0,0.0,37,16,0,18,42080,104,1
3,16.5,0.0,0.0,22,14,0,19,42080,104,2
3,15.7,0.0,0.0,21,9,0,20,42080,104,2
3,14.8,0.0,0.0,16,10,0,21,42080,104,3
3,14.3,0.0,0.0,18,12,0,22,42080,104,0
3,14.0,0.0,0.0,15,0,0,23,42080,104,0
3,13.2,0.0,0.0,14,10,0,0,42080,104,0
3,12.8,0.0,0.0,13,9,0,1,42080,104,0
3,12.3,0.0,0.0,18,16,0,2,42080,104,0
3,11.6,0.0,0.0,8,8,0,3,42080,104,0
4,11.2,0.0,0.0,8,7,0,4,42080,104,0
4,11.1,0.0,0.0,6,6,0,5,42080,104,0
4,11.3,0.0,0.0,6,6,0,6,42080,104,0
4,11.4,0.0,0.0,7,5,0,7,42080,104,3
4,12.2,0.0,0.0,9,6,0,8,42080,104,0
4,13.6,0.0,0.0,7,5,0,9,42080,104,0
4,15.5,0.0,0.0,21,1,0,10,42080,104,0
4,17.1,0.0,0.0,19,5,0,11,42080,104,0
4,18.7,0.0,0.0,14,7,0,12,42080,104,1
4,20.1,0.0,0.0,21,7,0,13,42080,104,0
4,20.1,0.0,0.0,23,6,0,14,42080,104,0
4,20.4,0.0,0.0,21,7,0,15,42080,104,0
4,20.7,0.0,0.0,15,6,0,16,42080,104,2
4,19.3,0.0,0.0,26,6,0,17,42080,104,5
4,18.2,0.0,0.0,28,10,0,18,42080,104,2
4,17.8,0.0,0.0,29,10,0,19,42080,104,2
4,17.2,0.0,0.0,17,8,0,20,42080,104,0
4,16.8,0.0,0.0,21,12,0,21,42080,104,0
4,16.3,0.0,0.0,19,7,0,22,42080,104,0
4,15.6,0.0,0.0,14,8,0,23,42080,104,0
4,15.4,0.0,0.0,10,5,0,0,42080,104,0
4,15.1,0.0,0.0,8,4,0,1,42080,104,0
4,14.7,0.0,0.0,7,3,0,2,42080,104,0
4,14.0,0.0,0.0,0,8,0,3,42080,104,0
5,13.5,0.0,0.0,10,6,0,4,42080,104,0
5,13.9,0.0,0.0,12,9,0,5,42080,104,0
5,13.7,0.0,0.0,11,7,0,6,42080,104,0
5,13.0,0.0,0.0,12,10,0,7,42080,104,1
5,13.8,0.0,0.0,12,5,0,8,42080,104,2
5,15.1,0.0,0.0,0,13,0,9,42080,104,0
5,17.1,0.0,0.0,27,18,0,10,42080,104,4
5,19.1,0.0,0.0,49,19,0,11,42080,104,1
5,20.6,0.0,0.0,27,15,0,12,42080,104,1
5,21.5,0.0,0.0,25,3,0,13,42080,104,0
5,21.3,0.0,0.0,21,4,0,14,42080,104,9
5,22.4,0.0,0.0,14,5,0,15,42080,104,20
5,22.6,0.0,0.0,22,4,0,16,42080,104,0
5,20.4,0.0,0.0,18,7,0,17,42080,104,1
5,18.8,0.0,0.0,17,8,0,18,42080,104,2
5,17.3,0.0,0.0,19,9,0,19,42080,104,5
5,16.5,0.0,0.0,21,11,0,20,42080,104,0
5,15.7,0.0,0.0,16,11,0,21,42080,104,0
5,14.6,0.0,0.0,21,16,0,22,42080,104,0
5,14.0,0.0,0.0,28,17,0,23,42080,104,0
5,13.3,0.0,0.0,20,14,0,0,42080,104,0
5,12.8,0.0,0.0,22,15,0,1,42080,104,0
5,12.3,0.0,0.0,14,11,0,2,42080,104,0
5,11.9,0.0,0.0,24,19,0,3,42080,104,0
6,11.5,0.0,0.0,22,18,0,4,42080,104,0
6,11.4,0.0,0.0,21,15,0,5,42080,104,0
6,11.1,0.0,0.0,17,15,0,6,42080,104,0
6,10.8,0.0,0.0,14,12,0,7,42080,104,1
6,11.5,0.0,0.0,22,16,0,8,42080,104,0
6,14.0,0.0,0.0,19,14,0,9,42080,104,3
6,16.6,0.0,0.0,29,18,0,10,42080,104,1
6,18.9,0.0,0.0,39,25,0,11,42080,104,0
6,19.9,0.0,0.0,45,23,0,12,42080,104,3
6,21.8,0.0,0.0,42,19,0,13,42080,104,8
6,22.0,0.0,0.0,27,11,0,14,42080,104,9
6,22.0,0.0,0.0,26,8,0,15,42080,104,7
6,21.8,0.0,0.0,23,13,0,16,42080,104,5
6,19.8,0.0,0.0,24,12,0,17,42080,104,0
6,18.0,0.0,0.0,18,9,0,18,42080,104,0
6,16.2,0.0,0.0,16,9,0,19,42080,104,4
6,15.1,0.0,0.0,16,13,0,20,42080,104,1
6,14.3,0.0,0.0,24,15,0,21,42080,104,0
6,13.4,0.0,0.0,20,19,0,22,42080,104,0
6,12.6,0.0,0.0,25,20,0,23,42080,104,0
6,12.1,0.0,0.0,26,23,0,0,42080,104,0
6,11.5,0.0,0.0,20,19,0,1,42080,104,0
6,11.1,0.0,0.0,0,20,0,2,42080,104,0
6,10.5,0.0,0.0,31,18,0,3,42080,104,0
0,10.1,0.0,0.0,29,20,0,4,42080,104,0
0,10.2,0.0,0.0,22,18,0,5,42080,104,0
0,9.7,0.0,0.0,29,22,0,6,42080,104,0
0,10.0,0.0,0.0,23,15,0,7,42080,104,0
0,10.4,0.0,0.0,31,10,0,8,42080,104,0
0,11.6,0.0,0.0,23,14,0,9,42080,104,1
0,14.2,0.0,0.0,30,17,0,10,42080,104,0
0,16.3,0.0,0.0,37,29,0,11,42080,104,0
0,19.8,0.0,0.0,39,28,0,12,42080,104,1
0,21.3,0.0,0.0,38,20,0,13,42080,104,1
0,22.2,0.0,0.0,27,15,0,14,42080,104,2
0,22.7,0.0,0.0,29,6,0,15,42080,104,5
0,22.8,0.0,0.0,22,12,0,16,42080,104,1
0,21.2,0.0,0.0,23,9,0,17,42080,104,1
0,19.9,0.0,0.0,25,7,0,18,42080,104,2
0,17.8,0.0,0.0,17,12,0,19,42080,104,5
0,16.6,0.0,0.0,26,13,0,20,42080,104,2
0,15.8,0.0,0.0,17,16,0,21,42080,104,5
0,15.0,0.0,0.0,31,18,0,22,42080,104,0
0,14.2,0.0,0.0,22,16,0,23,42080,104,0
0,14.0,0.0,0.0,24,18,0,0,42080,104,0
0,13.5,0.0,0.0,24,22,0,1,42080,104,0
0,12.9,0.0,0.0,25,18,0,2,42080,104,0
0,12.5,0.0,0.0,16,14,0,3,42080,104,0
1,12.1,0.0,0.0,16,10,0,4,42080,104,0
1,11.7,0.0,0.0,15,9,0,5,42080,104,0
1,11.1,0.0,0.0,12,10,0,6,42080,104,0
1,11.0,0.0,0.0,10,5,0,7,42080,104,9
1,11.8,0.0,0.0,32,7,0,8,42080,104,5
1,15.3,0.0,0.0,0,0,0,9,42080,104,2
1,18.2,0.0,0.0,0,0,0,10,42080,104,2
1,20.7,0.0,0.0,29,14,0,11,42080,104,0
1,22.4,0.0,0.0,20,4,0,12,42080,104,0
1,23.1,0.0,0.0,12,3,0,13,42080,104,0
1,23.1,0.0,0.0,17,3,0,14,42080,104,0
1,23.5,0.0,0.0,32,6,0,15,42080,104,4
1,22.9,0.0,0.0,12,5,0,16,42080,104,0
1,21.0,0.0,0.0,13,8,0,17,42080,104,0
1,19.9,0.0,0.0,14,11,0,18,42080,104,7
1,18.8,0.0,0.0,12,7,0,19,42080,104,4
1,17.0,0.0,0.0,12,11,0,20,42080,104,3
1,16.2,0.0,0.0,19,14,0,21,42080,104,6
1,15.5,0.0,0.0,13,12,0,22,42080,104,2
1,14.8,0.0,0.0,12,0,0,23,42080,104,0
1,14.3,0.0,0.0,18,13,0,0,42080,104,0
1,14.2,0.0,0.0,0,10,0,1,42080,104,0
1,13.7,0.0,0.0,9,8,0,2,42080,104,0
1,13.4,0.0,0.0,13,7,0,3,42080,104,0
2,13.0,0.0,0.0,15,8,0,4,42080,104,0
2,13.4,0.0,0.0,10,5,0,5,42080,104,0
2,13.4,0.0,0.0,7,0,0,6,42080,104,0
2,13.6,0.0,0.0,6,6,0,7,42080,104,0
2,14.5,0.0,0.0,6,6,0,8,42080,104,0
2,15.4,0.0,0.0,9,9,0,9,42080,104,0
2,17.5,0.0,0.0,22,14,0,10,42080,104,2
2,17.8,0.0,0.0,20,8,0,11,42080,104,0
2,18.2,0.0,0.0,24,10,0,12,42080,104,0
2,18.5,0.0,0.0,28,6,0,13,42080,104,0
2,18.4,0.0,0.0,33,11,0,14,42080,104,1
2,18.5,0.0,0.0,59,9,0,15,42080,104,0
2,18.5,0.0,0.0,43,12,0,16,42080,104,3
2,18.1,0.0,0.0,51,9,0,17,42080,104,5
2,17.9,0.0,0.0,27,11,0,18,42080,104,5
2,17.8,0.0,0.0,44,12,0,19,42080,104,8
2,17.6,0.0,0.0,25,19,0,20,42080,104,3
2,17.3,0.0,0.0,38,17,0,21,42080,104,2
2,17.4,0.0,0.0,37,19,0,22,42080,104,0
2,17.7,0.0,0.0,36,17,0,23,42080,104,0
2,17.5,0.0,0.0,33,20,0,0,42080,104,0
2,17.4,0.0,0.0,36,11,0,1,42080,104,0
2,17.5,0.0,0.0,28,8,0,2,42080,104,0
2,17.5,0.0,0.0,27,11,0,3,42080,104,0
3,17.3,0.0,0.0,26,15,0,4,42080,104,0
3,17.1,0.0,0.0,29,12,0,5,42080,104,0
3,16.4,0.0,0.0,16,12,0,6,42080,104,0
3,16.1,0.0,0.0,27,14,0,7,42080,104,0
3,16.8,0.0,0.0,26,10,0,8,42080,104,4
3,17.4,0.0,0.0,25,14,0,9,42080,104,0
3,19.3,0.0,0.0,27,9,0,10,42080,104,0
3,20.3,0.0,0.0,29,15,0,11,42080,104,3
3,20.8,0.0,0.0,43,12,0,12,42080,104,6
3,22.3,0.0,0.0,28,11,0,13,42080,104,2
3,22.9,0.0,0.0,21,8,0,14,42080,104,6
3,23.0,0.0,0.0,33,9,0,15,42080,104,0
3,22.7,0.0,0.0,27,8,0,16,42080,104,1
3,21.6,0.0,0.0,21,14,0,17,42080,104,0
3,21.0,0.0,0.0,27,14,0,18,42080,104,3
3,20.2,0.0,0.0,16,8,0,19,42080,104,0
3,19.8,0.0,0.0,15,15,0,20,42080,104,1
3,18.9,0.0,0.0,20,11,0,21,42080,104,4
3,17.6,0.0,0.0,21,10,0,22,42080,104,0
3,16.6,0.0,0.0,13,8,0,23,42080,104,0
3,15.9,0.0,0.0,21,9,0,0,42080,104,0
3,14.8,0.0,0.0,13,9,0,1,42080,104,0
3,14.3,0.0,0.0,11,9,0,2,42080,104,0
3,13.7,0.0,0.0,19,11,0,3,42080,104,0
4,13.3,0.0,0.0,16,13,0,4,42080,104,0
4,12.8,0.0,0.0,21,13,0,5,42080,104,0
4,12.2,0.0,0.0,18,16,0,6,42080,104,0
4,12.3,0.0,0.0,16,12,0,7,42080,104,4
4,13.6,0.0,0.0,16,12,0,8,42080,104,1
4,15.6,0.0,0.0,34,17,0,9,42080,104,0
4,18.1,0.0,0.0,41,21,0,10,42080,104,1
4,20.8,0.0,0.0,28,13,0,11,42080,104,0
4,22.0,0.0,0.0,45,11,0,12,42080,104,3
4,22.6,0.0,0.0,23,9,0,13,42080,104,2
4,22.2,0.0,0.0,14,7,0,14,42080,104,6
4,21.9,0.0,0.0,15,9,0,15,42080,104,0
4,21.3,0.0,0.0,22,8,0,16,42080,104,2
4,20.3,0.0,0.0,22,8,0,17,42080,104,4
4,18.8,0.0,0.0,21,14,0,18,42080,104,0
4,18.0,0.0,0.0,19,14,0,19,42080,104,9
4,17.6,0.0,0.0,31,15,0,20,42080,104,5
4,17.7,0.0,0.0,34,19,0,21,42080,104,5
4,17.6,0.0,0.0,25,25,0,22,42080,104,0
4,17.5,0.0,0.0,46,26,0,23,42080,104,0
4,16.8,0.0,0.0,49,25,0,0,42080,104,0
4,16.2,0.0,0.0,44,21,0,1,42080,104,0
4,15.0,0.0,0.0,35,20,0,2,42080,104,0
4,14.0,0.0,0.0,33,17,0,3,42080,104,0
5,12.7,0.0,0.0,25,11,0,4,42080,104,0
5,12.3,0.0,0.0,19,10,0,5,42080,104,0
5,11.9,0.0,0.0,17,8,0,6,42080,104,0
5,11.3,0.0,0.0,22,12,0,7,42080,104,1
5,10.8,0.0,0.0,21,10,0,8,42080,104,4
5,12.2,0.0,0.0,25,10,0,9,42080,104,0
5,13.3,0.0,0.0,25,4,0,10,42080,104,2
5,14.4,0.0,0.0,25,10,0,11,42080,104,0
5,14.9,0.0,0.0,20,12,0,12,42080,104,0
5,16.1,0.0,0.0,26,11,0,13,42080,104,3
5,16.6,0.0,0.0,32,12,0,14,42080,104,6
5,17.0,0.0,0.0,18,11,0,15,42080,104,4
5,16.7,0.0,0.0,25,12,0,16,42080,104,7
5,15.1,0.0,0.0,31,12,0,17,42080,104,3
5,13.3,0.0,0.0,46,2,0,18,42080,104,3
5,11.7,0.0,0.0,22,14,0,19,42080,104,5
5,10.4,0.0,0.0,29,20,0,20,42080,104,0
5,9.9,0.0,0.0,32,20,0,21,42080,104,0
5,9.1,0.0,0.0,23,19,0,22,42080,104,0
5,8.8,0.0,0.0,27,15,0,23,42080,104,0
5,8.3,0.0,0.0,21,12,0,0,42080,104,0
5,7.6,0.0,0.0,23,16,0,1,42080,104,0
5,8.1,0.0,0.0,19,15,0,2,42080,104,0
5,7.6,0.0,0.0,25,18,0,3,42080,104,0
6,7.1,0.0,0.0,21,15,0,4,42080,104,0
6,6.6,0.0,0.0,20,13,0,5,42080,104,0
6,6.0,0.0,0.0,22,13,0,6,42080,104,0
6,5.5,0.0,0.0,13,10,0,7,42080,104,1
6,6.5,0.0,0.0,14,5,0,8,42080,104,4
6,9.7,0.0,0.0,15,20,0,9,42080,104,5
6,11.7,0.0,0.0,25,21,0,10,42080,104,0
6,14.3,0.0,0.0,28,13,0,11,42080,104,0
6,15.3,0.0,0.0,19,8,0,12,42080,104,1
6,16.0,0.0,0.0,11,2,0,13,42080,104,0
6,16.9,0.0,0.0,24,5,0,14,42080,104,5
6,16.8,0.0,0.0,21,12,0,15,42080,104,3
6,17.1,0.0,0.0,28,13,0,16,42080,104,6
6,15.1,0.0,0.0,23,14,0,17,42080,104,0
6,13.2,0.0,0.0,29,26,0,18,42080,104,3
6,11.8,0.0,0.0,27,15,0,19,42080,104,0
6,10.8,0.0,0.0,25,14,0,20,42080,104,0
6,9.8,0.0,0.0,28,19,0,21,42080,104,0
6,9.0,0.0,0.0,24,21,0,22,42080,104,1
6,8.2,0.0,0.0,32,22,0,23,42080,104,0
6,7.6,0.0,0.0,28,17,0,0,42080,104,0
6,7.0,0.0,0.0,21,20,0,1,42080,104,0
6,6.5,0.0,0.0,25,15,0,2,42080,104,0
6,6.0,0.0,0.0,21,17,0,3,42080,104,0
0,5.5,0.0,0.0,22,18,0,4,42080,104,0
0,5.2,0.0,0.0,25,16,0,5,42080,104,0
0,4.9,0.0,0.0,20,17,0,6,42080,104,0
0,4.6,0.0,0.0,23,18,0,7,42080,104,0
0,5.8,0.0,0.0,25,15,0,8,42080,104,4
0,8.6,0.0,0.0,24,18,0,9,42080,104,1
0,11.5,0.0,0.0,38,28,0,10,42080,104,2
0,14.5,0.0,0.0,47,28,0,11,42080,104,0
0,16.2,0.0,0.0,53,24,0,12,42080,104,1
0,17.7,0.0,0.0,39,16,0,13,42080,104,2
0,18.2,0.0,0.0,30,13,0,14,42080,104,3
0,17.7,0.0,0.0,36,14,0,15,42080,104,1
0,17.0,0.0,0.0,33,16,0,16,42080,104,1
0,16.4,0.0,0.0,37,10,0,17,42080,104,4
0,15.4,0.0,0.0,33,17,0,18,42080,104,4
0,14.6,0.0,0.0,33,0,0,19,42080,104,7
0,13.9,0.0,0.0,40,27,0,20,42080,104,3
0,12.7,0.0,0.0,48,23,0,21,42080,104,1
0,13.0,0.0,0.0,37,20,0,22,42080,104,0
0,13.3,0.0,0.0,33,23,0,23,42080,104,0
0,13.3,0.0,0.0,31,21,0,0,42080,104,0
0,14.0,0.0,0.0,27,16,0,1,42080,104,0
0,14.4,0.0,0.0,27,8,0,2,42080,104,0
0,14.6,0.1,0.0,16,11,0,3,42080,104,0
1,13.4,0.7,0.0,22,15,0,4,42080,104,0
1,12.5,0.0,0.0,18,16,0,5,42080,104,0
1,12.1,0.0,0.0,21,18,0,6,42080,104,0
1,11.9,0.0,0.0,34,18,0,7,42080,104,0
1,11.8,0.0,0.0,44,14,0,8,42080,104,0
1,13.9,0.0,0.0,42,14,0,9,42080,104,1
1,15.6,0.0,0.0,71,32,0,10,42080,104,1
1,17.2,0.0,0.0,145,38,0,11,42080,104,2
1,17.5,0.0,0.0,174,29,0,12,42080,104,0
1,16.3,0.0,0.0,140,29,0,13,42080,104,2
1,17.2,0.0,0.0,107,24,0,14,42080,104,4
1,18.1,0.0,0.0,89,16,0,15,42080,104,0
1,17.1,0.0,0.0,66,14,0,16,42080,104,4
1,15.9,0.0,0.0,60,15,0,17,42080,104,7
1,14.8,0.0,0.0,60,16,0,18,42080,104,4
1,14.5,0.0,0.0,58,14,0,19,42080,104,3
1,13.7,0.0,0.0,64,19,0,20,42080,104,0
1,12.2,0.0,0.0,81,21,0,21,42080,104,0
1,11.5,0.0,0.0,62,13,0,22,42080,104,2
1,10.9,0.0,0.0,42,14,0,23,42080,104,0
1,9.9,0.0,0.0,34,10,0,0,42080,104,0
1,9.6,0.0,0.0,37,11,0,1,42080,104,0
1,8.7,0.0,0.0,26,4,0,2,42080,104,0
1,8.0,0.0,0.0,27,9,0,3,42080,104,0
2,7.4,0.0,0.0,20,11,0,4,42080,104,0
2,7.0,0.0,0.0,19,9,0,5,42080,104,0
2,6.3,0.0,0.0,20,11,0,6,42080,104,0
2,5.9,0.0,0.0,22,6,0,7,42080,104,9
2,6.6,0.0,0.0,22,8,0,8,42080,104,2
2,9.7,0.0,0.0,18,12,0,9,42080,104,1
2,12.6,0.0,0.0,34,10,0,10,42080,104,3
2,14.4,0.0,0.0,40,10,0,11,42080,104,3
2,15.6,0.0,0.0,26,11,0,12,42080,104,3
2,16.9,0.0,0.0,29,6,0,13,42080,104,0
2,17.5,0.0,0.0,25,8,0,14,42080,104,0
2,18.2,0.0,0.0,22,5,0,15,42080,104,1
2,17.7,0.0,0.0,22,7,0,16,42080,104,0
2,16.0,0.0,0.0,18,12,0,17,42080,104,0
2,14.8,0.0,0.0,26,21,0,18,42080,104,0
2,12.9,0.0,0.0,21,16,0,19,42080,104,1
2,12.3,0.0,0.0,27,18,0,20,42080,104,0
2,11.5,0.0,0.0,21,16,0,21,42080,104,0
2,10.1,0.0,0.0,25,17,0,22,42080,104,0
2,9.4,0.0,0.0,24,19,0,23,42080,104,0
2,8.8,0.0,0.0,23,14,0,0,42080,104,0
2,8.3,0.0,0.0,24,10,0,1,42080,104,0
2,7.7,0.0,0.0,19,12,0,2,42080,104,0
2,7.4,0.0,0.0,20,14,0,3,42080,104,0
3,7.0,0.0,0.0,21,16,0,4,42080,104,0
3,6.4,0.0,0.0,18,12,0,5,42080,104,0
3,6.3,0.0,0.0,14,11,0,6,42080,104,0
3,6.0,0.0,0.0,17,17,0,7,42080,104,0
3,6.7,0.0,0.0,15,13,0,8,42080,104,5
3,9.8,0.0,0.0,25,14,0,9,42080,104,1
3,12.7,0.0,0.0,31,26,0,10,42080,104,0
3,16.0,0.0,0.0,41,27,0,11,42080,104,0
3,18.1,0.0,0.0,52,19,0,12,42080,104,2
3,19.5,0.0,0.0,41,11,0,13,42080,104,1
3,19.9,0.0,0.0,43,11,0,14,42080,104,0
3,20.0,0.0,0.0,67,18,0,15,42080,104,2
3,19.7,0.0,0.0,59,21,0,16,42080,104,0
3,18.5,0.0,0.0,66,24,0,17,42080,104,2
3,17.1,0.0,0.0,69,22,0,18,42080,104,6
3,16.3,0.0,0.0,79,22,0,19,42080,104,9
3,15.6,0.0,0.0,80,23,0,20,42080,104,0
3,15.1,0.0,0.0,81,22,0,21,42080,104,1
3,13.6,0.0,0.0,69,21,0,22,42080,104,0
3,12.8,0.0,0.0,66,28,0,23,42080,104,0
3,12.3,0.0,0.0,55,22,0,0,42080,104,0
3,11.9,0.0,0.0,57,17,0,1,42080,104,0
3,11.8,0.0,0.0,50,14,0,2,42080,104,0
3,11.5,0.0,0.0,43,17,0,3,42080,104,0
4,11.3,0.0,0.0,53,20,0,4,42080,104,0
4,11.3,0.0,0.0,46,18,0,5,42080,104,0
4,11.2,0.0,0.0,50,19,0,6,42080,104,0
4,10.9,0.0,0.0,59,16,0,7,42080,104,7
4,11.2,0.0,0.0,63,14,0,8,42080,104,1
4,12.9,0.0,0.0,61,22,0,9,42080,104,0
4,15.8,0.0,0.0,76,37,0,10,42080,104,4
4,18.2,0.0,0.0,143,58,0,11,42080,104,0
4,19.3,0.0,0.0,175,52,0,12,42080,104,0
4,20.8,0.0,0.0,156,44,0,13,42080,104,3
4,21.4,0.0,0.0,147,40,0,14,42080,104,6
4,21.8,0.0,0.0,109,33,0,15,42080,104,0
4,21.2,0.0,0.0,81,29,0,16,42080,104,3
4,18.7,0.0,0.0,81,34,0,17,42080,104,2
4,16.6,0.0,0.0,85,32,0,18,42080,104,4
4,15.2,0.0,0.0,90,38,0,19,42080,104,1
4,14.4,0.0,0.0,69,27,0,20,42080,104,0
4,13.5,0.0,0.0,43,21,0,21,42080,104,1
4,11.9,0.0,0.0,41,26,0,22,42080,104,0
4,10.8,0.0,0.0,43,24,0,23,42080,104,0
4,10.1,0.0,0.0,40,24,0,0,42080,104,0
4,9.3,0.0,0.0,39,16,0,1,42080,104,0
4,8.9,0.0,0.0,35,14,0,2,42080,104,0
4,8.5,0.0,0.0,35,25,0,3,42080,104,0
5,8.2,0.0,0.0,36,22,0,4,42080,104,0
5,7.8,0.0,0.0,38,28,0,5,42080,104,0
5,7.4,0.0,0.0,40,22,0,6,42080,104,0
5,7.1,0.0,0.0,34,20,0,7,42080,104,0
5,7.8,0.0,0.0,31,24,0,8,42080,104,2
5,10.5,0.0,0.0,43,26,0,9,42080,104,1
5,13.0,0.0,0.0,54,34,0,10,42080,104,3
5,15.4,0.0,0.0,81,43,0,11,42080,104,0
5,17.2,0.0,0.0,86,41,0,12,42080,104,0
5,18.0,0.0,0.0,87,33,0,13,42080,104,6
5,19.0,0.0,0.0,84,32,0,14,42080,104,2
5,18.9,0.0,0.0,96,32,0,15,42080,104,9
5,19.1,0.0,0.0,83,33,0,16,42080,104,2
5,17.8,0.0,0.0,80,24,0,17,42080,104,0
5,16.7,0.0,0.0,81,28,0,18,42080,104,0
5,15.5,0.0,0.0,75,34,0,19,42080,104,2
5,15.0,0.0,0.0,68,39,0,20,42080,104,0
5,14.1,0.0,0.0,68,36,0,21,42080,104,0
5,13.5,0.0,0.0,66,36,0,22,42080,104,0
5,13.2,0.0,0.0,53,34,0,23,42080,104,0
5,12.6,0.0,0.0,59,36,0,0,42080,104,0
5,12.4,0.0,0.0,62,32,0,1,42080,104,0
5,12.0,0.0,0.0,53,31,0,2,42080,104,0
5,11.7,0.0,0.0,58,29,0,3,42080,104,0
6,11.4,0.0,0.0,56,27,0,4,42080,104,0
6,11.2,0.0,0.0,46,28,0,5,42080,104,0
6,10.8,0.0,0.0,53,28,0,6,42080,104,0
6,10.3,0.0,0.0,49,24,0,7,42080,104,1
6,10.5,0.0,0.0,56,19,0,8,42080,104,2
6,11.7,0.0,0.0,44,21,0,9,42080,104,3
6,14.8,0.0,0.0,53,30,0,10,42080,104,0
6,16.3,0.0,0.0,81,46,0,11,42080,104,0
6,17.8,0.0,0.0,92,44,0,12,42080,104,0
6,18.6,0.0,0.0,80,35,0,13,42080,104,0
6,20.0,0.0,0.0,105,32,0,14,42080,104,3
6,19.9,0.0,0.0,80,34,0,15,42080,104,3
6,19.9,0.0,0.0,88,41,0,16,42080,104,0
6,17.8,0.0,0.0,80,38,0,17,42080,104,0
6,16.4,0.0,0.0,81,37,0,18,42080,104,0
6,14.9,0.0,0.0,68,36,0,19,42080,104,0
6,14.8,0.0,0.0,75,46,0,20,42080,104,1
6,14.5,0.0,0.0,78,45,0,21,42080,104,0
6,13.9,0.0,0.0,58,16,0,22,42080,104,1
6,13.4,0.0,0.0,11,8,0,23,42080,104,0
6,12.3,0.0,0.0,35,15,0,0,42080,104,0
6,12.2,0.0,0.0,29,15,0,1,42080,104,0
6,11.3,0.0,0.0,14,13,0,2,42080,104,0
6,10.8,0.0,0.0,9,7,0,3,42080,104,0
0,10.3,0.0,0.0,6,6,0,4,42080,104,0
0,10.0,0.0,0.0,6,4,0,5,42080,104,0
0,9.5,0.0,0.0,6,3,0,6,42080,104,0
0,9.3,0.0,0.0,6,4,0,7,42080,104,0
0,9.5,0.0,0.0,6,3,0,8,42080,104,0
0,11.6,0.0,0.0,8,0,0,9,42080,104,1
0,14.7,0.0,0.0,12,12,0,10,42080,104,0
0,17.0,0.0,0.0,36,10,0,11,42080,104,0
0,17.9,0.0,0.0,28,11,0,12,42080,104,1
0,19.2,0.0,0.0,24,9,0,13,42080,104,3
0,19.7,0.0,0.0,24,12,0,14,42080,104,0
0,20.1,0.0,0.0,35,15,0,15,42080,104,0
0,19.6,0.0,0.0,26,11,0,16,42080,104,2
0,17.7,0.0,0.0,23,11,0,17,42080,104,9
0,16.3,0.0,0.0,16,11,0,18,42080,104,2
0,14.2,0.0,0.0,23,14,0,19,42080,104,0
0,13.0,0.0,0.0,27,19,0,20,42080,104,3
0,12.4,0.0,0.0,32,23,0,21,42080,104,2
0,11.3,0.0,0.0,31,26,0,22,42080,104,3
0,10.6,0.0,0.0,37,22,0,23,42080,104,0
0,10.0,0.0,0.0,24,17,0,0,42080,104,0
0,9.3,0.0,0.0,24,23,0,1,42080,104,0
0,8.6,0.0,0.0,26,22,0,2,42080,104,0
0,8.1,0.0,0.0,23,17,0,3,42080,104,0
1,7.6,0.0,0.0,25,18,0,4,42080,104,0
1,7.3,0.0,0.0,21,16,0,5,42080,104,0
1,6.8,0.0,0.0,21,17,0,6,42080,104,0
1,6.5,0.0,0.0,21,14,0,7,42080,104,13
1,7.0,0.0,0.0,22,16,0,8,42080,104,1
1,9.1,0.0,0.0,23,14,0,9,42080,104,0
1,12.4,0.0,0.0,42,25,0,10,42080,104,0
1,15.3,0.0,0.0,58,33,0,11,42080,104,0
1,17.2,0.0,0.0,64,29,0,12,42080,104,3
1,19.0,0.0,0.0,44,15,0,13,42080,104,1
1,18.9,0.0,0.0,38,7,0,14,42080,104,0
1,19.4,0.0,0.0,33,15,0,15,42080,104,0
1,18.5,0.0,0.0,30,13,0,16,42080,104,3
1,16.9,0.0,0.0,29,16,0,17,42080,104,6
1,15.0,0.0,0.0,28,16,0,18,42080,104,2
1,13.4,0.0,0.0,34,19,0,19,42080,104,6
1,13.1,0.0,0.0,29,21,0,20,42080,104,2
1,11.8,0.0,0.0,32,24,0,21,42080,104,1
1,11.1,0.0,0.0,25,18,0,22,42080,104,0
1,10.1,0.0,0.0,32,21,0,23,42080,104,0
1,9.1,0.0,0.0,28,21,0,0,42080,104,0
1,8.7,0.0,0.0,32,17,0,1,42080,104,0
1,8.0,0.0,0.0,29,18,0,2,42080,104,0
1,7.7,0.0,0.0,41,21,0,3,42080,104,0
2,7.4,0.0,0.0,27,21,0,4,42080,104,0
2,6.9,0.0,0.0,33,19,0,5,42080,104,0
2,6.5,0.0,0.0,31,17,0,6,42080,104,0
2,6.0,0.0,0.0,33,18,0,7,42080,104,0
2,6.7,0.0,0.0,32,14,0,8,42080,104,3
2,9.1,0.0,0.0,26,17,0,9,42080,104,0
2,11.9,0.0,0.0,42,25,0,10,42080,104,0
2,14.5,0.0,0.0,49,30,0,11,42080,104,0
2,16.2,0.0,0.0,53,25,0,12,42080,104,0
2,17.0,0.0,0.0,62,23,0,13,42080,104,0
2,18.1,0.0,0.0,48,18,0,14,42080,104,1
2,17.6,0.0,0.0,48,16,0,15,42080,104,3
2,17.5,0.0,0.0,39,19,0,16,42080,104,0
2,15.8,0.0,0.0,37,15,0,17,42080,104,0
2,14.7,0.0,0.0,30,18,0,18,42080,104,1
2,13.7,0.0,0.0,47,24,0,19,42080,104,6
2,12.8,0.0,0.0,46,28,0,20,42080,104,3
2,12.2,0.0,0.0,35,24,0,21,42080,104,4
2,11.7,0.0,0.0,41,25,0,22,42080,104,4
2,11.2,0.0,0.0,49,22,0,23,42080,104,0
2,10.3,0.0,0.0,51,22,0,0,42080,104,0
2,9.7,0.0,0.0,42,21,0,1,42080,104,0
2,9.6,0.0,0.0,31,30,0,2,42080,104,0
2,9.3,0.0,0.0,31,24,0,3,42080,104,0
3,9.3,0.0,0.0,36,21,0,4,42080,104,0
3,9.2,0.0,0.0,34,22,0,5,42080,104,0
3,9.1,0.0,0.0,31,16,0,6,42080,104,0
3,8.7,0.0,0.0,23,12,0,7,42080,104,0
3,9.4,0.0,0.0,20,19,0,8,42080,104,4
3,10.2,0.0,0.0,27,16,0,9,42080,104,2
3,12.9,0.0,0.0,29,27,0,10,42080,104,4
3,14.4,0.0,0.0,40,26,0,11,42080,104,0
3,16.1,0.0,0.0,49,20,0,12,42080,104,2
3,16.7,0.0,0.0,39,12,0,13,42080,104,1
3,17.3,0.0,0.0,38,18,0,14,42080,104,1
3,17.3,0.0,0.0,47,26,0,15,42080,104,5
3,16.6,0.0,0.0,63,29,0,16,42080,104,1
3,14.2,0.0,0.0,66,30,0,17,42080,104,0
3,11.1,0.0,0.0,63,35,0,18,42080,104,5
3,9.5,0.0,0.0,61,29,0,19,42080,104,1
3,8.5,0.0,0.0,47,23,0,20,42080,104,4
3,7.7,0.0,0.0,41,22,0,21,42080,104,0
3,7.0,0.0,0.0,33,16,0,22,42080,104,0
3,6.2,0.0,0.0,40,20,0,23,42080,104,0
3,5.3,0.0,0.0,33,18,0,0,42080,104,0
3,4.6,0.0,0.0,39,17,0,1,42080,104,0
3,4.0,0.0,0.0,26,18,0,2,42080,104,0
3,3.2,0.0,0.0,28,22,0,3,42080,104,0
4,2.9,0.0,0.0,26,13,0,4,42080,104,0
4,2.1,0.0,0.0,31,13,0,5,42080,104,0
4,1.5,0.0,0.0,17,10,0,6,42080,104,0
4,1.2,0.0,0.0,24,14,0,7,42080,104,0
4,1.9,0.0,0.0,23,16,0,8,42080,104,0
4,4.5,0.0,0.0,28,14,0,9,42080,104,3
4,8.0,0.0,0.0,48,20,0,10,42080,104,6
4,10.3,0.0,0.0,52,24,0,11,42080,104,0
4,11.4,0.0,0.0,59,22,0,12,42080,104,2
4,12.8,0.0,0.0,64,21,0,13,42080,104,0
4,13.7,0.0,0.0,52,12,0,14,42080,104,0
4,14.3,0.0,0.0,49,20,0,15,42080,104,3
4,14.3,0.0,0.0,58,22,0,16,42080,104,1
4,11.7,0.0,0.0,37,22,0,17,42080,104,4
4,9.3,0.0,0.0,44,25,0,18,42080,104,0
4,7.7,0.0,0.0,42,21,0,19,42080,104,12
4,6.9,0.0,0.0,42,22,0,20,42080,104,1
4,6.0,0.0,0.0,41,20,0,21,42080,104,0
4,5.3,0.0,0.0,32,16,0,22,42080,104,0
4,4.2,0.0,0.0,32,19,0,23,42080,104,0
4,3.9,0.0,0.0,31,18,0,0,42080,104,0
4,3.1,0.0,0.0,24,20,0,1,42080,104,0
4,2.4,0.0,0.0,28,17,0,2,42080,104,0
4,2.1,0.0,0.0,24,18,0,3,42080,104,0
5,1.7,0.0,0.0,19,16,0,4,42080,104,0
5,1.2,0.0,0.0,20,17,0,5,42080,104,0
5,0.9,0.0,0.0,24,15,0,6,42080,104,0
5,0.7,0.0,0.0,26,17,0,7,42080,104,1
5,0.8,0.0,0.0,22,14,0,8,42080,104,4
5,4.4,0.0,0.0,28,13,0,9,42080,104,1
5,7.7,0.0,0.0,40,16,0,10,42080,104,7
5,11.2,0.0,0.0,59,30,0,11,42080,104,0
5,13.5,0.0,0.0,60,29,0,12,42080,104,0
5,15.0,0.0,0.0,53,22,0,13,42080,104,0
5,15.8,0.0,0.0,47,11,0,14,42080,104,14
5,17.0,0.0,0.0,33,10,0,15,42080,104,3
5,16.6,0.0,0.0,37,14,0,16,42080,104,4
5,14.4,0.0,0.0,35,13,0,17,42080,104,3
5,12.5,0.0,0.0,36,10,0,18,42080,104,2
5,10.9,0.0,0.0,34,21,0,19,42080,104,1
5,9.9,0.0,0.0,38,24,0,20,42080,104,0
5,8.4,0.0,0.0,39,20,0,21,42080,104,0
5,7.3,0.0,0.0,31,22,0,22,42080,104,0
5,6.5,0.0,0.0,28,27,0,23,42080,104,0
5,5.8,0.0,0.0,39,24,0,0,42080,104,0
5,5.0,0.0,0.0,39,19,0,1,42080,104,0
5,4.5,0.0,0.0,35,15,0,2,42080,104,0
5,4.3,0.0,0.0,33,26,0,3,42080,104,0
6,3.7,0.0,0.0,32,25,0,4,42080,104,0
6,3.4,0.0,0.0,28,20,0,5,42080,104,0
6,3.5,0.0,0.0,36,23,0,6,42080,104,0
6,3.3,0.0,0.0,34,24,0,7,42080,104,2
6,3.7,0.0,0.0,30,22,0,8,42080,104,1
6,5.5,0.0,0.0,34,28,0,9,42080,104,0
6,7.7,0.0,0.0,48,38,0,10,42080,104,0
6,9.3,0.0,0.0,53,41,0,11,42080,104,0
6,11.2,0.0,0.0,50,30,0,12,42080,104,0
6,12.7,0.0,0.0,51,20,0,13,42080,104,0
6,14.5,0.0,0.0,53,19,0,14,42080,104,1
6,15.8,0.0,0.0,39,15,0,15,42080,104,2
6,16.1,0.0,0.0,36,13,0,16,42080,104,2
6,15.0,0.0,0.0,27,16,0,17,42080,104,1
6,13.1,0.0,0.0,26,21,0,18,42080,104,2
6,12.9,0.0,0.0,39,32,0,19,42080,104,0
6,11.5,0.0,0.0,48,33,0,20,42080,104,0
6,9.9,7.8,0.0,40,26,0,21,42080,104,0
6,9.7,0.0,0.0,14,4,0,22,42080,104,0
6,9.7,0.0,0.0,8,4,0,23,42080,104,0
6,9.6,1.8,0.0,6,2,0,0,42080,104,0
6,9.4,0.0,0.0,7,6,0,1,42080,104,0
6,9.0,0.0,0.0,9,0,0,2,42080,104,0
6,9.0,1.2,0.0,17,6,0,3,42080,104,0
0,9.3,0.0,0.0,7,0,0,4,42080,104,0
0,9.4,0.0,0.0,11,0,0,5,42080,104,0
0,9.6,0.1,0.0,14,9,0,6,42080,104,0
0,10.1,0.0,0.0,24,14,0,7,42080,104,0
0,10.9,0.0,0.0,25,11,0,8,42080,104,3
0,11.5,0.0,0.0,34,11,0,9,42080,104,1
0,13.0,0.0,0.0,40,8,0,10,42080,104,0
0,14.6,0.0,0.0,37,14,0,11,42080,104,0
0,15.0,0.0,0.0,32,12,0,12,42080,104,2
0,15.4,0.0,0.0,29,11,0,13,42080,104,4
0,15.4,0.0,0.0,17,8,0,14,42080,104,8
0,15.6,0.0,0.0,14,5,0,15,42080,104,0
0,15.8,0.0,0.0,11,8,0,16,42080,104,3
0,14.1,0.0,0.0,11,0,0,17,42080,104,1
0,13.0,0.0,0.0,14,11,0,18,42080,104,7
0,11.7,0.0,0.0,15,14,0,19,42080,104,1
0,11.3,0.0,0.0,23,16,0,20,42080,104,2
0,10.6,0.0,0.0,25,19,0,21,42080,104,1
0,10.0,0.0,0.0,29,11,0,22,42080,104,0
0,9.6,0.0,0.0,28,18,0,23,42080,104,0
0,9.0,0.0,0.0,33,15,0,0,42080,104,0
0,9.0,0.0,0.0,34,11,0,1,42080,104,0
0,7.8,0.0,0.0,28,5,0,2,42080,104,0
0,7.3,0.0,0.0,30,16,0,3,42080,104,0
1,6.3,0.0,0.0,26,14,0,4,42080,104,0
1,6.0,0.0,0.0,22,10,0,5,42080,104,0
1,5.4,0.0,0.0,22,12,0,6,42080,104,0
1,5.0,0.0,0.0,27,12,0,7,42080,104,0
1,5.5,0.0,0.0,20,7,0,8,42080,104,0
1,7.7,0.0,0.0,19,10,0,9,42080,104,3
1,10.6,0.0,0.0,31,17,0,10,42080,104,10
1,12.8,0.0,0.0,45,24,0,11,42080,104,0
1,13.3,0.0,0.0,55,26,0,12,42080,104,0
1,14.2,0.0,0.0,48,20,0,13,42080,104,1
1,15.7,0.0,0.0,37,12,0,14,42080,104,0
1,15.8,0.0,0.0,29,11,0,15,42080,104,0
1,15.5,0.0,0.0,15,14,0,16,42080,104,1
1,14.0,0.0,0.0,29,11,0,17,42080,104,6
1,12.4,0.0,0.0,27,8,0,18,42080,104,3
1,10.8,0.0,0.0,26,18,0,19,42080,104,0
1,9.8,0.0,0.0,39,20,0,20,42080,104,4
1,8.6,0.0,0.0,34,20,0,21,42080,104,0
1,8.0,0.0,0.0,35,18,0,22,42080,104,0
1,7.2,0.0,0.0,28,23,0,23,42080,104,0
1,6.5,0.0,0.0,33,19,0,0,42080,104,0
1,6.0,0.0,0.0,29,16,0,1,42080,104,0
1,5.4,0.0,0.0,27,21,0,2,42080,104,0
1,5.0,0.0,0.0,37,23,0,3,42080,104,0
2,4.8,0.0,0.0,27,18,0,4,42080,104,0
2,4.4,0.0,0.0,30,12,0,5,42080,104,0
2,4.5,0.0,0.0,39,14,0,6,42080,104,0
2,4.7,0.0,0.0,29,19,0,7,42080,104,0
2,5.4,0.0,0.0,26,14,0,8,42080,104,0
2,6.1,0.0,0.0,24,15,0,9,42080,104,0
2,6.6,0.0,0.0,30,20,0,10,42080,104,0
2,7.2,0.0,0.0,40,21,0,11,42080,104,3
2,8.1,0.0,0.0,40,24,0,12,42080,104,8
2,9.6,0.0,0.0,38,24,0,13,42080,104,2
2,12.2,0.0,0.0,42,25,0,14,42080,104,4
2,12.8,0.0,0.0,54,20,0,15,42080,104,0
2,13.2,0.0,0.0,43,14,0,16,42080,104,0
2,12.5,0.0,0.0,28,12,0,17,42080,104,3
2,12.8,0.7,0.0,27,14,0,18,42080,104,0
2,11.9,0.0,0.0,35,20,0,19,42080,104,1
2,10.3,0.0,0.0,25,22,0,20,42080,104,2
2,8.9,1.0,0.0,17,11,0,21,42080,104,12
2,8.4,0.0,0.0,11,7,0,22,42080,104,7
2,8.1,0.0,0.0,11,5,0,23,42080,104,1
2,7.7,0.0,0.0,22,3,0,0,42080,104,0
2,6.3,0.0,0.0,39,12,0,1,42080,104,0
2,5.6,0.0,0.0,38,11,0,2,42080,104,0
2,4.3,0.0,0.0,29,9,0,3,42080,104,0
3,3.6,0.0,0.0,33,7,0,4,42080,104,0
3,2.4,0.0,0.0,22,10,0,5,42080,104,0
3,1.1,0.0,0.0,23,5,0,6,42080,104,0
3,0.4,0.0,0.0,14,3,0,7,42080,104,0
3,0.4,0.0,0.0,19,4,0,8,42080,104,2
3,2.0,0.0,0.0,19,7,0,9,42080,104,0
3,3.0,0.0,0.0,24,11,0,10,42080,104,0
3,3.9,0.0,0.0,28,8,0,11,42080,104,3
3,4.8,0.0,0.0,28,6,0,12,42080,104,0
3,6.2,0.0,0.0,27,9,0,13,42080,104,2
3,6.8,0.0,0.0,27,7,0,14,42080,104,12
3,6.4,0.0,0.0,27,5,0,15,42080,104,0
3,6.0,0.0,0.0,25,8,0,16,42080,104,0
3,4.7,0.0,0.0,26,10,0,17,42080,104,5
3,3.7,0.0,0.0,21,4,0,18,42080,104,8
3,2.6,0.0,0.0,21,9,0,19,42080,104,7
3,2.0,0.0,0.0,19,8,0,20,42080,104,6
3,1.1,0.0,0.0,24,10,0,21,42080,104,4
3,0.7,0.0,0.0,24,12,0,22,42080,104,0
3,0.2,0.0,0.0,30,12,0,23,42080,104,0
3,-0.2,0.0,0.0,23,17,0,0,42080,104,0
3,-0.5,0.0,0.0,26,11,0,1,42080,104,0
3,-0.8,0.0,0.0,19,15,0,2,42080,104,0
3,-1.2,0.0,0.0,23,15,0,3,42080,104,0
4,-0.3,0.0,0.0,14,13,0,4,42080,104,0
4,0.2,0.0,0.0,12,9,0,5,42080,104,0
4,0.4,0.0,0.0,13,10,0,6,42080,104,0
4,0.5,0.0,0.0,23,13,0,7,42080,104,0
4,1.8,0.0,0.0,23,8,0,8,42080,104,0
4,5.4,0.0,0.0,24,12,0,9,42080,104,1
4,9.4,0.0,0.0,39,16,0,10,42080,104,0
4,11.6,0.0,0.0,34,17,0,11,42080,104,0
4,14.3,0.0,0.0,39,10,0,12,42080,104,0
4,15.8,0.0,0.0,37,8,0,13,42080,104,0
4,16.9,0.0,0.0,44,7,0,14,42080,104,1
4,16.2,0.0,0.0,57,12,0,15,42080,104,0
4,15.6,0.0,0.0,52,9,0,16,42080,104,2
4,14.6,0.0,0.0,50,14,0,17,42080,104,5
4,14.3,0.0,0.0,48,11,0,18,42080,104,0
4,14.2,0.0,0.0,45,10,0,19,42080,104,0
4,14.0,0.0,0.0,36,14,0,20,42080,104,5
4,13.5,0.0,0.0,46,11,0,21,42080,104,0
4,13.0,0.0,0.0,42,10,0,22,42080,104,0
4,13.1,0.0,0.0,34,9,0,23,42080,104,0
4,13.5,0.0,0.0,31,11,0,0,42080,104,0
4,12.8,0.0,0.0,33,10,0,1,42080,104,0
4,12.4,0.0,0.0,29,9,0,2,42080,104,0
4,12.3,0.4,0.0,25,10,0,3,42080,104,0
5,12.5,0.0,0.0,24,8,0,4,42080,104,0
5,12.5,0.0,0.0,24,12,0,5,42080,104,0
5,12.2,0.0,0.0,27,11,0,6,42080,104,0
5,11.6,0.0,0.0,29,9,0,7,42080,104,0
5,11.7,0.0,0.0,23,11,0,8,42080,104,0
5,12.8,0.0,0.0,27,18,0,9,42080,104,0
5,14.0,0.0,0.0,35,18,0,10,42080,104,0
5,15.3,0.0,0.0,35,14,0,11,42080,104,0
5,16.9,0.0,0.0,36,15,0,12,42080,104,3
5,18.7,0.0,0.0,49,13,0,13,42080,104,4
5,18.5,0.0,0.0,55,24,0,14,42080,104,3
5,17.4,0.0,0.0,70,25,0,15,42080,104,4
5,15.9,0.0,0.0,61,28,0,16,42080,104,0
5,14.6,0.0,0.0,61,28,0,17,42080,104,0
5,13.3,0.0,0.0,67,36,0,18,42080,104,3
5,12.1,0.0,0.0,69,40,0,19,42080,104,2
5,11.3,0.0,0.0,76,38,0,20,42080,104,0
5,10.6,0.0,0.0,68,30,0,21,42080,104,0
5,9.7,0.0,0.0,72,20,0,22,42080,104,0
5,8.9,0.0,0.0,69,16,0,23,42080,104,0
5,8.3,0.0,0.0,60,20,0,0,42080,104,0
5,7.8,0.0,0.0,60,10,0,1,42080,104,0
5,7.5,0.0,0.0,55,20,0,2,42080,104,0
5,7.1,0.0,0.0,55,23,0,3,42080,104,0
6,6.9,0.0,0.0,54,25,0,4,42080,104,0
6,6.9,0.0,0.0,57,20,0,5,42080,104,0
6,6.4,0.0,0.0,57,17,0,6,42080,104,0
6,6.9,0.0,0.0,44,14,0,7,42080,104,0
6,7.4,0.0,0.0,48,9,0,8,42080,104,0
6,8.2,0.0,0.0,43,14,0,9,42080,104,0
6,9.1,0.0,0.0,50,29,0,10,42080,104,0
6,9.6,0.0,0.0,47,24,0,11,42080,104,0
6,10.0,2.8,0.0,48,23,0,12,42080,104,2
6,10.2,0.0,0.0,44,17,0,13,42080,104,7
6,10.3,0.0,0.0,37,12,0,14,42080,104,3
6,10.7,17.2,0.0,31,11,0,15,42080,104,2
6,10.9,0.0,0.0,33,7,0,16,42080,104,6
6,11.2,0.0,0.0,21,14,0,17,42080,104,1
6,11.5,14.3,0.0,27,13,0,18,42080,104,2
6,11.6,0.0,0.0,25,18,0,19,42080,104,0
6,11.5,0.0,0.0,26,21,0,20,42080,104,1
6,11.7,5.2,0.0,29,16,0,21,42080,104,0
6,12.0,0.0,0.0,25,13,0,22,42080,104,0
6,12.6,0.0,0.0,29,15,0,23,42080,104,0
6,12.9,25.7,0.0,27,12,0,0,42080,104,0
6,13.4,0.0,0.0,30,14,0,1,42080,104,0
6,13.5,0.0,0.0,12,0,0,2,42080,104,0
6,12.9,10.9,0.0,10,9,0,3,42080,104,0
0,12.3,0.0,0.0,8,5,0,4,42080,104,0
0,12.0,0.0,0.0,8,1,0,5,42080,104,0
0,10.5,4.4,0.0,8,4,0,6,42080,104,0
0,10.1,0.0,0.0,6,3,0,7,42080,104,0
0,9.4,0.0,0.0,6,0,0,8,42080,104,0
0,8.3,0.0,0.0,0,0,0,9,42080,104,2
0,8.5,0.0,0.0,0,0,0,10,42080,104,4
0,8.3,0.0,0.0,32,16,0,11,42080,104,0
0,8.1,0.0,0.0,68,17,0,12,42080,104,0
0,8.2,0.0,0.0,97,24,0,13,42080,104,2
0,8.9,0.0,0.0,140,29,0,14,42080,104,5
0,8.7,0.0,0.0,152,28,0,15,42080,104,3
0,7.4,0.0,0.0,149,28,0,16,42080,104,1
0,6.7,0.0,0.0,136,24,0,17,42080,104,0
0,5.7,0.0,0.0,134,21,0,18,42080,104,3
0,5.1,0.0,0.0,140,26,0,19,42080,104,0
0,4.5,0.0,0.0,146,22,0,20,42080,104,0
0,3.7,0.0,0.0,113,18,0,21,42080,104,0
0,3.1,0.0,0.0,76,12,0,22,42080,104,0
0,3.5,0.0,0.0,55,12,0,23,42080,104,0
0,4.0,0.0,0.0,51,8,0,0,42080,104,0
0,3.3,0.0,0.0,36,9,0,1,42080,104,0
0,3.1,0.0,0.0,35,20,0,2,42080,104,0
0,3.5,0.0,0.0,41,10,0,3,42080,104,0
1,4.0,0.0,0.0,38,14,0,4,42080,104,0
1,2.6,0.0,0.0,20,9,0,5,42080,104,0
1,1.8,0.0,0.0,14,11,0,6,42080,104,0
1,0.8,0.0,0.0,20,9,0,7,42080,104,6
1,0.1,0.0,0.0,28,10,0,8,42080,104,0
1,1.8,0.0,0.0,27,7,0,9,42080,104,2
1,3.0,0.0,0.0,24,6,0,10,42080,104,8
1,4.3,0.0,0.0,22,8,0,11,42080,104,2
1,4.9,0.0,0.0,25,9,0,12,42080,104,3
1,4.6,0.0,0.0,25,10,0,13,42080,104,4
1,5.4,0.0,0.0,26,7,0,14,42080,104,8
1,4.6,0.0,0.0,21,5,0,15,42080,104,2
1,4.4,0.0,0.0,24,10,0,16,42080,104,1
1,4.1,0.0,0.0,26,10,0,17,42080,104,0
1,2.7,0.0,0.0,27,12,0,18,42080,104,3
1,2.4,0.0,0.0,28,10,0,19,42080,104,3
1,2.2,0.0,0.0,33,12,0,20,42080,104,1
1,1.4,0.0,0.0,30,14,0,21,42080,104,3
1,1.4,0.0,0.0,31,13,0,22,42080,104,0
1,0.5,0.0,0.0,31,13,0,23,42080,104,0
1,0.1,0.0,0.0,26,12,0,0,42080,104,0
1,-0.6,0.0,0.0,32,12,0,1,42080,104,0
1,-1.2,0.0,0.0,25,8,0,2,42080,104,0
1,-1.4,0.0,0.0,32,14,0,3,42080,104,0
2,-1.4,0.0,0.0,34,14,0,4,42080,104,0
2,-1.7,0.0,0.0,19,10,0,5,42080,104,0
2,-2.1,0.0,0.0,24,10,0,6,42080,104,0
2,-2.2,0.0,0.0,25,11,0,7,42080,104,0
2,-2.1,0.0,0.0,29,10,0,8,42080,104,6
2,0.7,0.0,0.0,28,13,0,9,42080,104,0
2,2.8,0.0,0.0,36,12,0,10,42080,104,0
2,4.8,0.0,0.0,29,11,0,11,42080,104,0
2,6.4,0.0,0.0,27,12,0,12,42080,104,1
2,7.1,0.0,0.0,21,4,0,13,42080,104,0
2,7.7,0.0,0.0,18,2,0,14,42080,104,0
2,8.4,0.0,0.0,18,4,0,15,42080,104,0
2,7.7,0.0,0.0,14,4,0,16,42080,104,2
2,5.5,0.0,0.0,12,4,0,17,42080,104,4
2,3.7,0.0,0.0,12,5,0,18,42080,104,5
2,2.3,0.0,0.0,25,13,0,19,42080,104,1
2,1.9,0.0,0.0,26,18,0,20,42080,104,1
2,0.9,0.0,0.0,27,18,0,21,42080,104,0
2,0.2,0.0,0.0,26,17,0,22,42080,104,2
2,-0.2,0.0,0.0,23,15,0,23,42080,104,0
2,-0.6,0.0,0.0,27,16,0,0,42080,104,0
2,-1.0,0.0,0.0,30,19,0,1,42080,104,0
2,-1.6,0.0,0.0,27,22,0,2,42080,104,0
2,-1.8,0.0,0.0,35,22,0,3,42080,104,0
3,-1.8,0.0,0.0,27,20,0,4,42080,104,0
3,-2.3,0.0,0.0,26,15,0,5,42080,104,0
3,-2.4,0.0,0.0,33,14,0,6,42080,104,0
3,-2.4,0.0,0.0,32,19,0,7,42080,104,0
3,-2.1,0.0,0.0,27,18,0,8,42080,104,0
3,0.2,0.0,0.0,44,16,0,9,42080,104,2
3,2.6,0.0,0.0,39,31,0,10,42080,104,2
3,5.6,0.0,0.0,56,36,0,11,42080,104,0
3,7.2,0.0,0.0,53,30,0,12,42080,104,2
3,9.0,0.0,0.0,57,26,0,13,42080,104,4
3,10.7,0.0,0.0,40,14,0,14,42080,104,0
3,10.3,0.0,0.0,32,15,0,15,42080,104,1
3,10.3,0.0,0.0,44,24,0,16,42080,104,2
3,9.6,0.0,0.0,49,17,0,17,42080,104,3
3,8.6,0.0,0.0,48,17,0,18,42080,104,5
3,7.7,0.0,0.0,46,23,0,19,42080,104,10
3,7.3,0.0,0.0,48,28,0,20,42080,104,2
3,6.6,0.0,0.0,59,26,0,21,42080,104,3
3,6.3,0.0,0.0,53,21,0,22,42080,104,4
3,6.3,0.0,0.0,55,25,0,23,42080,104,0
3,6.0,0.0,0.0,50,21,0,0,42080,104,0
3,5.8,0.0,0.0,52,19,0,1,42080,104,0
3,5.7,0.0,0.0,49,23,0,2,42080,104,0
3,5.7,0.0,0.0,47,27,0,3,42080,104,0
4,5.2,0.0,0.0,42,24,0,4,42080,104,0
4,4.5,0.0,0.0,40,20,0,5,42080,104,0
4,3.9,0.0,0.0,35,20,0,6,42080,104,0
4,3.3,0.0,0.0,36,15,0,7,42080,104,0
4,3.2,0.0,0.0,30,17,0,8,42080,104,0
4,5.9,0.0,0.0,32,14,0,9,42080,104,1
4,8.6,0.0,0.0,42,29,0,10,42080,104,6
4,11.4,0.0,0.0,67,35,0,11,42080,104,0
4,14.3,0.0,0.0,62,28,0,12,42080,104,2
4,16.7,0.0,0.0,78,12,0,13,42080,104,4
4,17.0,0.0,0.0,31,7,0,14,42080,104,3
4,17.9,0.0,0.0,26,1,0,15,42080,104,0
4,17.6,0.0,0.0,26,7,0,16,42080,104,4
4,15.5,0.0,0.0,23,6,0,17,42080,104,3
4,14.4,0.0,0.0,20,4,0,18,42080,104,5
4,12.3,0.0,0.0,18,9,0,19,42080,104,6
4,10.8,0.0,0.0,19,13,0,20,42080,104,6
4,9.8,0.0,0.0,33,19,0,21,42080,104,1
4,9.1,0.0,0.0,28,16,0,22,42080,104,5
4,8.2,0.0,0.0,23,17,0,23,42080,104,2
4,7.5,0.0,0.0,23,15,0,0,42080,104,0
4,7.0,0.0,0.0,25,15,0,1,42080,104,0
4,6.7,0.0,0.0,19,16,0,2,42080,104,0
4,6.2,0.0,0.0,27,18,0,3,42080,104,0
5,5.7,0.0,0.0,19,12,0,4,42080,104,0
5,5.4,0.0,0.0,17,14,0,5,42080,104,0
5,5.0,0.0,0.0,22,15,0,6,42080,104,0
5,5.0,0.0,0.0,26,15,0,7,42080,104,0
5,5.0,0.0,0.0,26,11,0,8,42080,104,0
5,7.4,0.0,0.0,18,11,0,9,42080,104,0
5,11.3,0.0,0.0,30,11,0,10,42080,104,1
5,14.2,0.0,0.0,51,24,0,11,42080,104,3
5,16.4,0.0,0.0,28,15,0,12,42080,104,4
5,17.0,0.0,0.0,27,3,0,13,42080,104,2
5,18.5,0.0,0.0,17,2,0,14,42080,104,9
5,18.6,0.0,0.0,27,6,0,15,42080,104,9
5,18.2,0.0,0.0,16,4,0,16,42080,104,11
5,16.7,0.0,0.0,14,9,0,17,42080,104,0
5,15.2,0.0,0.0,14,0,0,18,42080,104,0
5,13.5,0.0,0.0,21,15,0,19,42080,104,5
5,12.0,0.0,0.0,22,16,0,20,42080,104,0
5,11.3,0.0,0.0,37,20,0,21,42080,104,0
5,11.0,0.0,0.0,27,22,0,22,42080,104,0
5,11.2,0.0,0.0,37,20,0,23,42080,104,0
5,11.1,0.0,0.0,36,24,0,0,42080,104,0
5,10.8,0.0,0.0,30,20,0,1,42080,104,0
5,10.3,0.0,0.0,32,18,0,2,42080,104,0
5,9.7,0.0,0.0,26,20,0,3,42080,104,0
6,9.1,0.0,0.0,23,17,0,4,42080,104,0
6,8.5,0.0,0.0,23,20,0,5,42080,104,0
6,8.0,0.0,0.0,30,17,0,6,42080,104,2
6,7.7,0.0,0.0,25,16,0,7,42080,104,0
6,7.6,0.0,0.0,20,14,0,8,42080,104,0
6,9.4,0.0,0.0,22,19,0,9,42080,104,0
6,12.5,0.0,0.0,0,28,0,10,42080,104,0
6,15.3,0.0,0.0,35,27,0,11,42080,104,0
6,18.0,0.0,0.0,40,24,0,12,42080,104,4
6,19.7,0.0,0.0,28,13,0,13,42080,104,6
6,20.8,0.0,0.0,31,13,0,14,42080,104,9
6,19.7,0.0,0.0,31,9,0,15,42080,104,6
6,19.7,0.0,0.0,28,10,0,16,42080,104,1
6,17.9,0.0,0.0,33,14,0,17,42080,104,6
6,16.8,0.5,0.0,30,22,0,18,42080,104,1
6,13.6,0.0,0.0,27,18,0,19,42080,104,2
6,12.2,0.0,0.0,20,13,0,20,42080,104,1
6,11.5,0.0,0.0,15,11,0,21,42080,104,1
6,11.0,0.0,0.0,11,9,0,22,42080,104,0
6,10.3,0.0,0.0,0,9,0,23,42080,104,0
6,9.4,0.0,0.0,18,8,0,0,42080,104,0
6,8.1,0.0,0.0,27,11,0,1,42080,104,0
6,7.4,0.0,0.0,19,16,0,2,42080,104,0
6,6.1,0.0,0.0,22,12,0,3,42080,104,0
0,4.9,0.0,0.0,25,14,0,4,42080,104,0
0,4.4,0.0,0.0,25,12,0,5,42080,104,0
0,3.8,0.0,0.0,25,11,0,6,42080,104,0
0,2.7,0.0,0.0,22,11,0,7,42080,104,0
0,1.9,0.0,0.0,20,9,0,8,42080,104,3
0,2.0,0.0,0.0,16,12,0,9,42080,104,3
0,2.2,0.0,0.0,21,16,0,10,42080,104,1
0,2.8,0.0,0.0,24,12,0,11,42080,104,0
0,3.8,0.0,0.0,25,12,0,12,42080,104,1
0,3.7,0.0,0.0,23,13,0,13,42080,104,1
0,4.5,0.0,0.0,20,16,0,14,42080,104,2
0,4.9,0.0,0.0,19,14,0,15,42080,104,3
0,5.1,0.0,0.0,32,18,0,16,42080,104,0
0,4.7,0.0,0.0,34,14,0,17,42080,104,0
0,3.9,0.0,0.0,35,7,0,18,42080,104,7
0,3.3,0.0,0.0,37,22,0,19,42080,104,2
0,2.6,0.0,0.0,34,23,0,20,42080,104,1
0,2.4,0.0,0.0,35,23,0,21,42080,104,1
0,2.3,0.0,0.0,36,18,0,22,42080,104,0
0,2.1,0.0,0.0,37,20,0,23,42080,104,0
0,1.8,0.0,0.0,40,17,0,0,42080,104,0
0,1.5,0.0,0.0,37,17,0,1,42080,104,0
0,1.1,0.0,0.0,45,16,0,2,42080,104,0
0,0.9,0.0,0.0,35,23,0,3,42080,104,0
1,0.7,0.0,0.0,37,19,0,4,42080,104,0
1,0.7,0.0,0.0,31,20,0,5,42080,104,0
1,0.5,0.0,0.0,33,17,0,6,42080,104,0
1,0.5,0.0,0.0,28,16,0,7,42080,104,0
1,0.9,0.0,0.0,23,13,0,8,42080,104,0
1,2.6,0.0,0.0,34,13,0,9,42080,104,0
1,5.3,0.0,0.0,43,23,0,10,42080,104,0
1,9.0,0.0,0.0,43,27,0,11,42080,104,0
1,12.0,0.0,0.0,41,19,0,12,42080,104,0
1,13.4,0.0,0.0,36,11,0,13,42080,104,0
1,15.0,0.0,0.0,24,7,0,14,42080,104,0
1,15.3,0.0,0.0,17,3,0,15,42080,104,0
1,14.8,0.0,0.0,20,2,0,16,42080,104,2
1,12.8,0.0,0.0,8,2,0,17,42080,104,4
1,11.1,0.0,0.0,9,2,0,18,42080,104,7
1,11.3,0.0,0.0,0,9,0,19,42080,104,0
1,11.1,0.0,0.0,19,13,0,20,42080,104,1
1,10.6,0.0,0.0,17,13,0,21,42080,104,2
1,10.1,0.0,0.0,30,25,0,22,42080,104,3
1,9.6,0.0,0.0,33,27,0,23,42080,104,0
1,8.8,0.0,0.0,43,22,0,0,42080,104,0
1,8.2,0.0,0.0,42,20,0,1,42080,104,0
1,8.2,0.0,0.0,49,17,0,2,42080,104,0
1,8.0,0.0,0.0,39,24,0,3,42080,104,0
2,7.7,0.0,0.0,37,20,0,4,42080,104,0
2,7.3,0.0,0.0,41,17,0,5,42080,104,0
2,6.8,0.0,0.0,40,18,0,6,42080,104,0
2,6.4,0.0,0.0,30,13,0,7,42080,104,0
2,6.0,0.0,0.0,21,11,0,8,42080,104,0
2,5.9,0.0,0.0,27,13,0,9,42080,104,0
2,6.8,0.0,0.0,31,26,0,10,42080,104,0
2,7.1,0.0,0.0,39,21,0,11,42080,104,1
2,7.2,0.0,0.0,41,18,0,12,42080,104,4
2,8.2,0.0,0.0,41,16,0,13,42080,104,3
2,8.5,0.0,0.0,37,12,0,14,42080,104,3
2,8.5,0.0,0.0,39,17,0,15,42080,104,9
2,7.3,0.0,0.0,46,16,0,16,42080,104,1
2,6.1,0.0,0.0,43,26,0,17,42080,104,0
2,5.1,0.0,0.0,48,29,0,18,42080,104,4
2,4.1,0.0,0.0,49,26,0,19,42080,104,6
2,3.5,0.0,0.0,48,21,0,20,42080,104,3
2,3.0,0.0,0.0,42,22,0,21,42080,104,0
2,2.5,0.0,0.0,36,22,0,22,42080,104,0
2,2.0,0.0,0.0,46,23,0,23,42080,104,0
2,1.7,0.0,0.0,47,20,0,0,42080,104,0
2,1.2,0.0,0.0,41,26,0,1,42080,104,0
2,0.8,0.0,0.0,51,30,0,2,42080,104,0
2,0.3,0.0,0.0,38,32,0,3,42080,104,0
3,-0.1,0.0,0.0,44,33,0,4,42080,104,0
3,-0.6,0.0,0.0,48,24,0,5,42080,104,0
3,-0.8,0.0,0.0,48,24,0,6,42080,104,0
3,-1.0,0.0,0.0,42,24,0,7,42080,104,11
3,-0.4,0.0,0.0,45,24,0,8,42080,104,2
3,0.8,0.0,0.0,43,24,0,9,42080,104,0
3,4.1,0.0,0.0,56,37,0,10,42080,104,0
3,6.2,0.0,0.0,75,44,0,11,42080,104,0
3,9.2,0.0,0.0,71,45,0,12,42080,104,0
3,10.6,0.0,0.0,71,30,0,13,42080,104,2
3,12.5,0.0,0.0,45,15,0,14,42080,104,5
3,11.8,0.0,0.0,23,4,0,15,42080,104,2
3,11.6,0.0,0.0,29,8,0,16,42080,104,1
3,9.4,0.0,0.0,29,15,0,17,42080,104,2
3,8.0,0.0,0.0,23,0,0,18,42080,104,4
3,6.6,0.0,0.0,27,23,0,19,42080,104,0
3,5.7,0.0,0.0,33,24,0,20,42080,104,2
3,4.9,0.0,0.0,34,18,0,21,42080,104,10
3,4.2,0.0,0.0,39,14,0,22,42080,104,0
3,3.7,0.0,0.0,34,11,0,23,42080,104,0
3,2.7,0.0,0.0,35,12,0,0,42080,104,0
3,2.0,0.0,0.0,28,12,0,1,42080,104,0
3,1.3,0.0,0.0,31,12,0,2,42080,104,0
3,0.6,0.0,0.0,35,19,0,3,42080,104,0
4,-0.1,0.0,0.0,26,16,0,4,42080,104,0
4,-0.4,0.0,0.0,37,16,0,5,42080,104,0
4,-0.9,0.0,0.0,26,13,0,6,42080,104,0
4,-1.5,0.0,0.0,24,10,0,7,42080,104,9
4,-1.6,0.0,0.0,27,12,0,8,42080,104,0
4,0.5,0.0,0.0,27,10,0,9,42080,104,2
4,3.6,0.0,0.0,37,14,0,10,42080,104,5
4,4.9,0.0,0.0,50,29,0,11,42080,104,0
4,6.6,0.0,0.0,41,21,0,12,42080,104,0
4,8.0,0.0,0.0,41,12,0,13,42080,104,2
4,8.9,0.0,0.0,18,6,0,14,42080,104,10
4,9.4,0.0,0.0,18,7,0,15,42080,104,0
4,8.7,0.0,0.0,23,5,0,16,42080,104,2
4,6.9,0.0,0.0,26,7,0,17,42080,104,3
4,5.0,0.0,0.0,24,10,0,18,42080,104,7
4,3.5,0.0,0.0,30,19,0,19,42080,104,1
4,2.9,0.0,0.0,31,19,0,20,42080,104,8
4,2.3,0.0,0.0,32,20,0,21,42080,104,2
4,1.3,0.0,0.0,41,18,0,22,42080,104,0
4,0.6,0.0,0.0,40,19,0,23,42080,104,0
4,-0.1,0.0,0.0,38,17,0,0,42080,104,0
4,-0.4,0.0,0.0,34,15,0,1,42080,104,0
4,-0.9,0.0,0.0,33,13,0,2,42080,104,0
4,-1.4,0.0,0.0,28,20,0,3,42080,104,0
5,-1.5,0.0,0.0,31,20,0,4,42080,104,0
5,-2.2,0.0,0.0,31,18,0,5,42080,104,0
5,-2.3,0.0,0.0,30,15,0,6,42080,104,0
5,-2.5,0.0,0.0,29,16,0,7,42080,104,0
5,-2.1,0.0,0.0,23,16,0,8,42080,104,0
5,-0.5,0.0,0.0,28,14,0,9,42080,104,1
5,2.4,0.0,0.0,34,21,0,10,42080,104,0
5,5.7,0.0,0.0,64,36,0,11,42080,104,0
5,6.9,0.0,0.0,61,32,0,12,42080,104,0
5,8.7,0.0,0.0,64,26,0,13,42080,104,2
5,11.1,0.0,0.0,61,21,0,14,42080,104,6
5,12.9,0.0,0.0,52,14,0,15,42080,104,4
5,12.5,0.0,0.0,31,4,0,16,42080,104,4
5,10.6,0.0,0.0,15,2,0,17,42080,104,3
5,9.3,0.0,0.0,22,11,0,18,42080,104,0
5,7.8,0.0,0.0,22,17,0,19,42080,104,0
5,7.6,0.0,0.0,35,18,0,20,42080,104,0
5,7.4,0.0,0.0,36,23,0,21,42080,104,0
5,7.2,0.0,0.0,31,21,0,22,42080,104,0
5,7.1,0.0,0.0,33,26,0,23,42080,104,0
5,6.8,0.0,0.0,48,34,0,0,42080,104,0
5,6.6,0.0,0.0,56,32,0,1,42080,104,0
5,6.4,0.0,0.0,57,40,0,2,42080,104,0
5,6.2,0.0,0.0,62,42,0,3,42080,104,0
6,5.8,0.0,0.0,57,34,0,4,42080,104,0
6,5.6,0.0,0.0,55,31,0,5,42080,104,0
6,5.3,0.0,0.0,71,30,0,6,42080,104,0
6,5.0,0.0,0.0,59,23,0,7,42080,104,1
6,4.7,0.0,0.0,56,26,0,8,42080,104,1
6,5.6,0.0,0.0,58,32,0,9,42080,104,0
6,6.8,0.0,0.0,63,45,0,10,42080,104,0
6,7.9,0.0,0.0,62,44,0,11,42080,104,2
6,8.0,0.1,0.0,68,40,0,12,42080,104,0
6,7.6,0.0,0.0,63,30,0,13,42080,104,0
6,7.0,0.0,0.0,69,26,0,14,42080,104,1
6,6.9,4.5,0.0,66,29,0,15,42080,104,0
6,6.7,0.0,0.0,73,27,0,16,42080,104,2
6,6.7,0.0,0.0,68,22,0,17,42080,104,8
6,6.5,5.2,0.0,63,27,0,18,42080,104,0
6,6.4,0.0,0.0,52,31,0,19,42080,104,2
6,6.4,0.0,0.0,50,17,0,20,42080,104,0
6,6.4,2.3,0.0,36,15,0,21,42080,104,0
6,6.3,0.0,0.0,36,11,0,22,42080,104,1
6,6.1,0.0,0.0,37,10,0,23,42080,104,0
6,5.9,0.2,0.0,31,16,0,0,42080,104,0
6,5.6,0.0,0.0,35,20,0,1,42080,104,0
6,4.5,0.0,0.0,48,31,0,2,42080,104,0
6,3.2,0.0,0.0,44,27,0,3,42080,104,0
0,2.7,0.0,0.0,44,17,0,4,42080,104,0
0,2.4,0.0,0.0,18,12,0,5,42080,104,0
0,2.4,0.0,0.0,20,5,0,6,42080,104,0
0,2.4,0.0,0.0,18,6,0,7,42080,104,18
0,2.2,0.0,0.0,21,6,0,8,42080,104,0
0,2.5,0.0,0.0,21,10,0,9,42080,104,2
0,4.1,0.0,0.0,22,20,0,10,42080,104,3
0,5.3,0.0,0.0,18,11,0,11,42080,104,1
0,6.0,0.0,0.0,26,9,0,12,42080,104,4
0,6.4,0.0,0.0,20,7,0,13,42080,104,0
0,7.1,0.0,0.0,15,9,0,14,42080,104,0
0,6.2,0.0,0.0,12,5,0,15,42080,104,1
0,5.1,0.0,0.0,21,7,0,16,42080,104,0
0,3.5,0.0,0.0,21,10,0,17,42080,104,0
0,2.5,0.0,0.0,20,14,0,18,42080,104,6
0,1.7,0.0,0.0,27,18,0,19,42080,104,0
0,0.8,0.0,0.0,24,16,0,20,42080,104,4
0,0.1,0.0,0.0,23,8,0,21,42080,104,4
0,-0.3,0.0,0.0,13,5,0,22,42080,104,0
0,-1.4,0.0,0.0,12,6,0,23,42080,104,0
0,-1.1,0.0,0.0,9,5,0,0,42080,104,0
0,-0.6,0.0,0.0,18,6,0,1,42080,104,0
0,-0.7,0.0,0.0,11,0,0,2,42080,104,0
0,-1.0,0.0,0.0,13,8,0,3,42080,104,0
1,-1.3,0.0,0.0,12,5,0,4,42080,104,0
1,-1.6,0.0,0.0,12,8,0,5,42080,104,0
1,-2.1,0.0,0.0,15,6,0,6,42080,104,0
1,-2.3,0.0,0.0,20,10,0,7,42080,104,10
1,-1.8,0.0,0.0,11,7,0,8,42080,104,0
1,0.6,0.0,0.0,17,13,0,9,42080,104,0
1,1.5,0.0,0.0,23,12,0,10,42080,104,0
1,4.9,0.0,0.0,20,9,0,11,42080,104,0
1,5.6,0.0,0.0,20,9,0,12,42080,104,0
1,5.3,0.0,0.0,15,9,0,13,42080,104,0
1,5.6,0.0,0.0,24,8,0,14,42080,104,0
1,5.5,0.0,0.0,23,8,0,15,42080,104,1
1,5.6,0.0,0.0,24,12,0,16,42080,104,1
1,5.5,0.0,0.0,22,11,0,17,42080,104,0
1,4.1,0.1,0.0,28,9,0,18,42080,104,3
1,4.0,0.0,0.0,25,15,0,19,42080,104,1
1,3.8,0.0,0.0,16,16,0,20,42080,104,1
1,3.7,0.0,0.0,21,16,0,21,42080,104,0
1,3.2,0.0,0.0,29,14,0,22,42080,104,0
1,2.4,0.0,0.0,30,14,0,23,42080,104,0
1,1.7,0.0,0.0,18,9,0,0,42080,104,0
1,1.5,0.0,0.0,27,12,0,1,42080,104,0
1,3.3,0.0,0.0,24,16,0,2,42080,104,0
1,3.7,0.0,0.0,26,15,0,3,42080,104,0
2,4.0,0.0,0.0,27,12,0,4,42080,104,0
2,3.8,0.0,0.0,26,19,0,5,42080,104,0
2,3.5,0.1,0.0,34,21,0,6,42080,104,0
2,3.1,0.0,0.0,35,18,0,7,42080,104,0
2,3.0,0.0,0.0,29,19,0,8,42080,104,0
2,3.8,0.0,0.0,37,12,0,9,42080,104,0
2,5.7,0.0,0.0,43,15,0,10,42080,104,0
2,7.3,0.0,0.0,42,19,0,11,42080,104,0
2,8.3,0.0,0.0,23,6,0,12,42080,104,0
2,9.3,0.0,0.0,21,2,0,13,42080,104,2
2,10.3,0.0,0.0,16,6,0,14,42080,104,6
2,10.3,0.0,0.0,22,6,0,15,42080,104,2
2,9.1,0.0,0.0,19,7,0,16,42080,104,2
2,8.3,0.0,0.0,17,4,0,17,42080,104,0
2,6.8,0.0,0.0,25,9,0,18,42080,104,3
2,7.1,0.0,0.0,29,16,0,19,42080,104,5
2,6.3,0.0,0.0,34,16,0,20,42080,104,1
2,5.5,0.0,0.0,31,16,0,21,42080,104,1
2,4.7,0.0,0.0,22,12,0,22,42080,104,0
2,3.8,0.0,0.0,23,12,0,23,42080,104,0
2,3.3,0.0,0.0,27,12,0,0,42080,104,0
2,2.5,0.0,0.0,31,10,0,1,42080,104,0
2,1.4,0.0,0.0,37,8,0,2,42080,104,0
2,0.6,0.0,0.0,32,16,0,3,42080,104,0
3,0.3,0.0,0.0,31,18,0,4,42080,104,0
3,-0.6,0.0,0.0,26,15,0,5,42080,104,0
3,-1.1,0.0,0.0,29,13,0,6,42080,104,0
3,-1.9,0.0,0.0,27,19,0,7,42080,104,4
3,-2.8,0.0,0.0,27,14,0,8,42080,104,1
3,-0.2,0.0,0.0,32,14,0,9,42080,104,0
3,1.0,0.0,0.0,24,10,0,10,42080,104,0
3,1.7,0.0,0.0,19,9,0,11,42080,104,1
3,2.8,0.0,0.0,15,6,0,12,42080,104,0
3,3.6,0.0,0.0,14,6,0,13,42080,104,3
3,3.5,0.0,0.0,18,7,0,14,42080,104,4
3,3.1,0.0,0.0,22,7,0,15,42080,104,2
3,1.8,0.0,0.0,22,12,0,16,42080,104,1
3,0.2,0.0,0.0,17,7,0,17,42080,104,6
3,-1.2,0.0,0.0,19,13,0,18,42080,104,8
3,-1.8,0.0,0.0,16,8,0,19,42080,104,8
3,-2.0,0.0,0.0,16,4,0,20,42080,104,2
3,-3.1,0.0,0.0,15,5,0,21,42080,104,16
3,-3.8,0.0,0.0,15,7,0,22,42080,104,0
3,-4.7,0.0,0.0,19,8,0,23,42080,104,0
3,-5.5,0.0,0.0,26,12,0,0,42080,104,0
3,-6.1,0.0,0.0,21,13,0,1,42080,104,0
3,-6.5,0.0,0.0,22,11,0,2,42080,104,0
3,-7.0,0.0,0.0,27,14,0,3,42080,104,0
4,-7.7,0.0,0.0,26,16,0,4,42080,104,0
4,-8.3,0.0,0.0,22,16,0,5,42080,104,0
4,-9.1,0.0,0.0,21,16,0,6,42080,104,0
4,-9.4,0.0,0.0,27,15,0,7,42080,104,0
4,-9.2,0.0,0.0,27,14,0,8,42080,104,0
4,-6.9,0.0,0.0,31,17,0,9,42080,104,0
4,-4.3,0.0,0.0,38,20,0,10,42080,104,0
4,-3.0,0.0,0.0,48,21,0,11,42080,104,4
4,-1.5,0.0,0.0,42,22,0,12,42080,104,4
4,-0.2,0.0,0.0,37,12,0,13,42080,104,2
4,1.2,0.0,0.0,27,9,0,14,42080,104,4
4,1.5,0.0,0.0,28,5,0,15,42080,104,0
4,1.1,0.0,0.0,23,8,0,16,42080,104,1
4,-0.7,0.0,0.0,19,7,0,17,42080,104,4
4,-1.9,0.0,0.0,17,10,0,18,42080,104,9
4,-2.8,0.0,0.0,21,11,0,19,42080,104,0
4,-3.7,0.0,0.0,28,18,0,20,42080,104,3
4,-4.4,0.0,0.0,29,16,0,21,42080,104,4
4,-4.5,0.0,0.0,24,16,0,22,42080,104,2
4,-4.8,0.0,0.0,25,14,0,23,42080,104,1
4,-5.6,0.0,0.0,26,11,0,0,42080,104,0
4,-6.0,0.0,0.0,23,14,0,1,42080,104,0
4,-6.4,0.0,0.0,25,9,0,2,42080,104,0
4,-7.1,0.0,0.0,25,16,0,3,42080,104,0
5,-7.0,0.0,0.0,26,22,0,4,42080,104,0
5,-7.2,0.0,0.0,28,19,0,5,42080,104,0
5,-5.9,0.0,0.0,26,15,0,6,42080,104,0
5,-6.2,0.0,0.0,22,14,0,7,42080,104,0
5,-6.0,0.0,0.0,30,15,0,8,42080,104,0
5,-4.4,0.0,0.0,28,19,0,9,42080,104,0
5,-2.9,0.0,0.0,35,21,0,10,42080,104,0
5,0.8,0.0,0.0,42,26,0,11,42080,104,0
5,4.2,0.0,0.0,53,26,0,12,42080,104,0
5,6.1,0.0,0.0,49,24,0,13,42080,104,0
5,6.3,0.0,0.0,39,12,0,14,42080,104,0
5,6.0,0.0,0.0,27,10,0,15,42080,104,0
5,5.4,0.0,0.0,27,12,0,16,42080,104,2
5,5.0,0.0,0.0,35,15,0,17,42080,104,0
5,4.6,0.0,0.0,28,0,0,18,42080,104,2
5,3.8,0.0,0.0,37,26,0,19,42080,104,0
5,2.7,0.0,0.0,43,26,0,20,42080,104,0
5,1.6,0.0,0.0,40,22,0,21,42080,104,0
5,0.7,0.0,0.0,41,23,0,22,42080,104,0
5,0.1,0.0,0.0,45,25,0,23,42080,104,0
5,0.1,0.0,0.0,42,22,0,0,42080,104,0
5,-0.5,0.0,0.0,36,23,0,1,42080,104,0
5,-0.9,0.0,0.0,38,32,0,2,42080,104,0
5,-0.9,0.0,0.0,38,26,0,3,42080,104,0
6,-0.7,0.0,0.0,41,28,0,4,42080,104,0
6,-0.9,0.0,0.0,43,29,0,5,42080,104,0
6,-1.8,0.0,0.0,40,24,0,6,42080,104,0
6,-2.3,0.0,0.0,38,23,0,7,42080,104,0
6,-2.6,0.0,0.0,43,19,0,8,42080,104,0
6,-1.5,0.0,0.0,45,18,0,9,42080,104,0
6,1.1,0.0,0.0,46,24,0,10,42080,104,0
6,3.9,0.0,0.0,51,46,0,11,42080,104,0
6,4.4,0.0,0.0,64,36,0,12,42080,104,0
6,5.7,0.0,0.0,59,25,0,13,42080,104,9
6,6.8,0.0,0.0,47,20,0,14,42080,104,4
6,7.5,0.0,0.0,47,19,0,15,42080,104,0
6,6.9,0.0,0.0,45,19,0,16,42080,104,0
6,5.1,0.0,0.0,36,16,0,17,42080,104,0
6,3.2,0.0,0.0,37,25,0,18,42080,104,0
6,2.2,0.0,0.0,57,38,0,19,42080,104,0
6,1.3,0.0,0.0,51,31,0,20,42080,104,0
6,0.4,0.0,0.0,53,27,0,21,42080,104,0
6,-0.4,0.0,0.0,47,24,0,22,42080,104,0
6,-1.1,0.0,0.0,45,24,0,23,42080,104,0
6,-1.4,0.0,0.0,43,21,0,0,42080,104,0
6,-1.9,0.0,0.0,43,21,0,1,42080,104,0
6,-2.4,0.0,0.0,43,23,0,2,42080,104,0
6,-2.8,0.0,0.0,41,29,0,3,42080,104,0
0,-3.0,0.0,0.0,32,22,0,4,42080,104,0
0,-3.4,0.0,0.0,45,16,0,5,42080,104,0
0,-3.6,0.0,0.0,30,12,0,6,42080,104,0
0,-3.7,0.0,0.0,40,13,0,7,42080,104,0
0,-3.3,0.0,0.0,38,14,0,8,42080,104,2
0,-2.1,0.0,0.0,42,20,0,9,42080,104,2
0,0.0,0.0,0.0,53,37,0,10,42080,104,0
0,1.9,0.0,0.0,71,52,0,11,42080,104,0
0,4.8,0.0,0.0,86,46,0,12,42080,104,3
0,7.4,0.0,0.0,77,37,0,13,42080,104,9
0,9.2,0.0,0.0,76,32,0,14,42080,104,1
0,10.8,0.0,0.0,68,28,0,15,42080,104,6
0,11.0,0.0,0.0,48,21,0,16,42080,104,2
0,9.7,0.0,0.0,50,23,0,17,42080,104,2
0,8.3,0.0,0.0,57,39,0,18,42080,104,0
0,7.5,0.0,0.0,50,36,0,19,42080,104,1
0,6.6,0.0,0.0,112,33,0,20,42080,104,0
0,6.2,0.0,0.0,61,34,0,21,42080,104,0
0,6.2,0.0,0.0,66,34,0,22,42080,104,0
0,5.7,0.0,0.0,58,34,0,23,42080,104,0
0,4.9,0.0,0.0,60,32,0,0,42080,104,0
0,3.8,0.0,0.0,54,34,0,1,42080,104,0
0,3.5,0.0,0.0,58,45,0,2,42080,104,0
0,3.4,0.0,0.0,44,35,0,3,42080,104,0
1,3.4,0.0,0.0,53,37,0,4,42080,104,0
1,3.0,0.0,0.0,61,35,0,5,42080,104,0
1,3.1,0.0,0.0,67,29,0,6,42080,104,0
1,3.5,0.0,0.0,50,26,0,7,42080,104,0
1,4.1,0.0,0.0,52,30,0,8,42080,104,0
1,5.0,0.0,0.0,53,29,0,9,42080,104,0
1,7.0,0.0,0.0,78,42,0,10,42080,104,0
1,10.0,0.0,0.0,98,65,0,11,42080,104,0
1,12.4,0.0,0.0,112,49,0,12,42080,104,2
1,13.2,0.0,0.0,94,48,0,13,42080,104,3
1,13.5,0.0,0.0,111,50,0,14,42080,104,0
1,13.6,0.0,0.0,119,48,0,15,42080,104,2
1,13.4,0.0,0.0,117,43,0,16,42080,104,0
1,12.5,0.0,0.0,111,50,0,17,42080,104,0
1,11.4,0.0,0.0,104,69,0,18,42080,104,9
1,9.9,0.0,0.0,111,66,0,19,42080,104,9
1,8.5,0.0,0.0,116,60,0,20,42080,104,0
1,7.8,0.0,0.0,111,53,0,21,42080,104,0
1,6.6,0.0,0.0,111,46,0,22,42080,104,0
1,6.2,0.0,0.0,106,40,0,23,42080,104,0
1,5.5,0.0,0.0,100,37,0,0,42080,104,0
1,5.0,0.0,0.0,94,32,0,1,42080,104,0
1,4.9,0.0,0.0,98,29,0,2,42080,104,0
1,5.4,0.0,0.0,95,44,0,3,42080,104,0
2,8.1,0.0,0.0,89,44,0,4,42080,104,0
2,9.8,0.0,0.0,75,18,0,5,42080,104,0
2,10.2,0.0,0.0,44,11,0,6,42080,104,0
2,11.0,0.0,0.0,43,12,0,7,42080,104,0
2,11.3,0.0,0.0,40,12,0,8,42080,104,0
2,11.7,0.0,0.0,30,13,0,9,42080,104,0
2,12.4,0.0,0.0,40,25,0,10,42080,104,0
2,12.2,0.0,0.0,54,29,0,11,42080,104,0
2,12.3,0.2,0.0,61,36,0,12,42080,104,2
2,11.0,0.0,0.0,77,53,0,13,42080,104,2
2,10.3,0.0,0.0,119,88,0,14,42080,104,15
2,10.6,0.0,0.0,182,78,0,15,42080,104,1
2,9.6,0.0,0.0,111,43,0,16,42080,104,0
2,8.4,0.0,0.0,85,31,0,17,42080,104,0
2,6.4,0.0,0.0,63,32,0,18,42080,104,0
2,5.4,0.0,0.0,30,14,0,19,42080,104,2
2,4.4,0.0,0.0,17,6,0,20,42080,104,2
2,3.8,0.0,0.0,19,8,0,21,42080,104,5
2,3.6,0.0,0.0,22,4,0,22,42080,104,0
2,3.4,0.0,0.0,17,7,0,23,42080,104,0
2,2.5,0.0,0.0,19,5,0,0,42080,104,0
2,2.3,0.0,0.0,11,2,0,1,42080,104,0
2,1.5,0.0,0.0,9,3,0,2,42080,104,0
2,0.3,0.0,0.0,12,8,0,3,42080,104,0
3,-0.5,0.0,0.0,18,8,0,4,42080,104,0
3,-1.0,0.0,0.0,16,8,0,5,42080,104,0
3,-1.5,0.0,0.0,15,9,0,6,42080,104,0
3,-2.2,0.0,0.0,19,17,0,7,42080,104,0
3,-2.8,0.0,0.0,19,15,0,8,42080,104,1
3,-0.7,0.0,0.0,27,13,0,9,42080,104,0
3,1.7,0.0,0.0,18,14,0,10,42080,104,0
3,3.1,0.0,0.0,31,18,0,11,42080,104,0
3,4.3,0.0,0.0,16,15,0,12,42080,104,1
3,5.2,0.0,0.0,16,10,0,13,42080,104,3
3,6.2,0.0,0.0,18,10,0,14,42080,104,7
3,6.3,0.0,0.0,9,5,0,15,42080,104,11
3,5.9,0.0,0.0,12,5,0,16,42080,104,2
3,4.0,0.0,0.0,13,13,0,17,42080,104,6
3,2.2,0.0,0.0,24,17,0,18,42080,104,2
3,0.7,0.0,0.0,22,10,0,19,42080,104,0
3,0.1,0.0,0.0,14,9,0,20,42080,104,2
3,-0.9,0.0,0.0,20,12,0,21,42080,104,5
3,-0.8,0.0,0.0,14,9,0,22,42080,104,8
3,-1.1,0.0,0.0,17,13,0,23,42080,104,0
3,-1.9,0.0,0.0,21,13,0,0,42080,104,0
3,-2.3,0.0,0.0,19,13,0,1,42080,104,0
3,-2.9,0.0,0.0,14,12,0,2,42080,104,0
3,-3.3,0.0,0.0,21,17,0,3,42080,104,0
4,-3.5,0.0,0.0,15,14,0,4,42080,104,0
4,-4.1,0.0,0.0,15,14,0,5,42080,104,0
4,-4.3,0.0,0.0,14,9,0,6,42080,104,0
4,-4.7,0.0,0.0,14,13,0,7,42080,104,0
4,-4.6,0.0,0.0,23,12,0,8,42080,104,0
4,-3.1,0.0,0.0,14,14,0,9,42080,104,0
4,-0.6,0.0,0.0,25,0,0,10,42080,104,1
4,2.7,0.0,0.0,44,22,0,11,42080,104,4
4,4.3,0.0,0.0,52,26,0,12,42080,104,6
4,5.3,0.0,0.0,51,20,0,13,42080,104,2
4,6.9,0.0,0.0,42,12,0,14,42080,104,7
4,7.1,0.0,0.0,34,12,0,15,42080,104,3
4,7.1,0.0,0.0,35,10,0,16,42080,104,1
4,5.5,0.0,0.0,28,11,0,17,42080,104,2
4,4.0,0.0,0.0,32,23,0,18,42080,104,11
4,3.0,0.0,0.0,35,23,0,19,42080,104,0
4,1.9,0.0,0.0,39,21,0,20,42080,104,2
4,1.3,0.0,0.0,42,22,0,21,42080,104,6
4,1.2,0.0,0.0,36,22,0,22,42080,104,0
4,0.9,0.0,0.0,48,21,0,23,42080,104,0
4,1.5,0.0,0.0,43,18,0,0,42080,104,0
4,2.2,0.0,0.0,40,19,0,1,42080,104,0
4,3.3,0.0,0.0,39,20,0,2,42080,104,0
4,5.6,0.1,0.0,40,19,0,3,42080,104,0
5,4.5,0.0,0.0,22,12,0,4,42080,104,0
5,4.0,0.0,0.0,0,14,0,5,42080,104,0
5,3.4,0.5,0.0,28,14,0,6,42080,104,0
5,2.8,0.0,0.0,27,19,0,7,42080,104,0
5,1.7,0.0,0.0,57,26,0,8,42080,104,0
5,3.0,0.0,0.0,62,22,0,9,42080,104,0
5,4.5,0.0,0.0,41,24,0,10,42080,104,0
5,5.1,0.0,0.0,38,24,0,11,42080,104,0
5,6.3,0.0,0.0,40,24,0,12,42080,104,0
5,7.4,0.0,0.0,34,19,0,13,42080,104,4
5,8.4,0.0,0.0,31,12,0,14,42080,104,14
5,8.8,0.0,0.0,29,10,0,15,42080,104,0
5,8.4,0.0,0.0,17,8,0,16,42080,104,2
5,6.2,0.0,0.0,12,9,0,17,42080,104,0
5,4.4,0.0,0.0,19,14,0,18,42080,104,0
5,2.8,0.0,0.0,24,16,0,19,42080,104,0
5,2.4,0.0,0.0,24,19,0,20,42080,104,0
5,2.1,0.0,0.0,34,19,0,21,42080,104,0
5,2.2,0.0,0.0,30,23,0,22,42080,104,0
5,1.9,0.0,0.0,39,18,0,23,42080,104,0
5,1.5,0.0,0.0,35,20,0,0,42080,104,0
5,1.0,0.0,0.0,32,20,0,1,42080,104,0
5,0.3,0.0,0.0,33,20,0,2,42080,104,0
5,-0.4,0.0,0.0,35,27,0,3,42080,104,0
6,-0.9,0.0,0.0,29,26,0,4,42080,104,0
6,-1.4,0.0,0.0,35,23,0,5,42080,104,0
6,-1.7,0.0,0.0,36,22,0,6,42080,104,0
6,-1.8,0.0,0.0,31,18,0,7,42080,104,0
6,-2.1,0.0,0.0,37,20,0,8,42080,104,1
6,-0.4,0.0,0.0,33,16,0,9,42080,104,0
6,2.9,0.0,0.0,36,26,0,10,42080,104,0
6,5.9,0.0,0.0,51,35,0,11,42080,104,0
6,9.4,0.0,0.0,58,30,0,12,42080,104,0
6,12.0,0.0,0.0,50,14,0,13,42080,104,1
6,13.0,0.0,0.0,26,6,0,14,42080,104,0
6,13.2,0.0,0.0,23,6,0,15,42080,104,0
6,13.0,0.0,0.0,21,5,0,16,42080,104,0
6,11.8,0.0,0.0,16,11,0,17,42080,104,0
6,10.5,0.0,0.0,14,0,0,18,42080,104,0
6,9.4,0.0,0.0,18,10,0,19,42080,104,4
6,8.5,0.0,0.0,19,14,0,20,42080,104,0
6,7.4,0.0,0.0,30,16,0,21,42080,104,0
6,6.4,0.0,0.0,23,14,0,22,42080,104,3
6,5.5,0.0,0.0,33,18,0,23,42080,104,1
6,5.0,0.0,0.0,22,19,0,0,42080,104,0
6,4.0,0.0,0.0,27,15,0,1,42080,104,0
6,3.5,0.0,0.0,30,13,0,2,42080,104,0
6,2.9,0.0,0.0,32,19,0,3,42080,104,0
0,2.4,0.0,0.0,26,21,0,4,42080,104,0
0,2.1,0.0,0.0,25,16,0,5,42080,104,0
0,2.1,0.0,0.0,29,18,0,6,42080,104,0
0,2.1,0.0,0.0,22,18,0,7,42080,104,0
0,2.1,0.0,0.0,18,17,0,8,42080,104,0
0,3.1,0.0,0.0,30,20,0,9,42080,104,5
0,5.5,0.0,0.0,30,24,0,10,42080,104,0
0,8.4,0.0,0.0,0,0,0,11,42080,104,1
0,10.9,0.0,0.0,0,0,0,12,42080,104,3
0,12.6,0.0,0.0,54,15,0,13,42080,104,9
0,13.9,0.0,0.0,44,14,0,14,42080,104,3
0,14.9,0.0,0.0,41,13,0,15,42080,104,0
0,14.8,0.0,0.0,39,10,0,16,42080,104,3
0,13.6,0.0,0.0,29,7,0,17,42080,104,3
0,11.9,0.0,0.0,30,7,0,18,42080,104,0
0,10.6,0.0,0.0,30,13,0,19,42080,104,3
0,10.4,0.0,0.0,34,18,0,20,42080,104,1
0,9.9,0.0,0.0,24,17,0,21,42080,104,3
0,9.3,0.0,0.0,36,18,0,22,42080,104,4
0,8.5,0.0,0.0,37,23,0,23,42080,104,0
0,7.6,0.0,0.0,49,24,0,0,42080,104,0
0,6.9,0.0,0.0,34,20,0,1,42080,104,0
0,6.3,0.0,0.0,37,15,0,2,42080,104,0
0,5.7,0.0,0.0,31,22,0,3,42080,104,0
1,5.3,0.0,0.0,30,24,0,4,42080,104,0
1,5.8,0.0,0.0,30,21,0,5,42080,104,0
1,6.3,0.0,0.0,25,21,0,6,42080,104,1
1,6.5,0.0,0.0,27,21,0,7,42080,104,0
1,6.9,0.0,0.0,38,22,0,8,42080,104,0
1,6.9,1.6,0.0,23,23,0,9,42080,104,0
1,7.7,0.0,0.0,25,21,0,10,42080,104,1
1,8.6,0.0,0.0,0,28,0,11,42080,104,3
1,9.4,0.2,0.0,38,28,0,12,42080,104,0
1,9.8,0.0,0.0,40,25,0,13,42080,104,2
1,9.9,0.0,0.0,30,24,0,14,42080,104,4
1,10.0,0.1,0.0,41,22,0,15,42080,104,6
1,10.5,0.0,0.0,36,17,0,16,42080,104,0
1,10.1,0.0,0.0,38,19,0,17,42080,104,0
1,9.2,0.0,0.0,17,14,0,18,42080,104,3
1,8.8,0.0,0.0,21,13,0,19,42080,104,5
1,8.2,0.0,0.0,22,18,0,20,42080,104,0
1,7.8,0.0,0.0,0,22,0,21,42080,104,1
1,7.3,0.0,0.0,27,20,0,22,42080,104,0
1,6.8,0.0,0.0,25,17,0,23,42080,104,0
1,6.3,0.0,0.0,21,19,0,0,42080,104,0
1,5.9,0.0,0.0,35,24,0,1,42080,104,0
1,5.3,0.0,0.0,35,28,0,2,42080,104,0
1,4.7,0.0,0.0,30,30,0,3,42080,104,0
2,3.4,0.0,0.0,36,30,0,4,42080,104,0
2,2.5,0.0,0.0,41,26,0,5,42080,104,0
2,2.1,0.0,0.0,40,23,0,6,42080,104,0
2,1.4,0.0,0.0,38,23,0,7,42080,104,0
2,0.9,0.0,0.0,33,24,0,8,42080,104,4
2,0.7,0.0,0.0,32,24,0,9,42080,104,1
2,1.9,0.0,0.0,29,29,0,10,42080,104,0
2,2.5,0.0,0.0,31,28,0,11,42080,104,0
2,3.0,0.0,0.0,0,32,0,12,42080,104,1
2,3.8,0.0,0.0,34,26,0,13,42080,104,0
2,4.9,0.0,0.0,37,24,0,14,42080,104,1
2,6.0,0.0,0.0,36,25,0,15,42080,104,0
2,6.1,0.0,0.0,32,22,0,16,42080,104,0
2,4.8,0.0,0.0,33,25,0,17,42080,104,9
2,3.4,0.0,0.0,43,25,0,18,42080,104,7
2,2.5,0.0,0.0,38,28,0,19,42080,104,6
2,2.2,0.0,0.0,37,28,0,20,42080,104,2
2,1.7,0.0,0.0,28,20,0,21,42080,104,4
2,1.1,0.0,0.0,37,17,0,22,42080,104,1
2,0.4,0.0,0.0,32,17,0,23,42080,104,0
2,0.1,0.0,0.0,33,13,0,0,42080,104,0
2,-0.1,0.0,0.0,27,18,0,1,42080,104,0
2,-0.2,0.0,0.0,27,13,0,2,42080,104,0
2,-0.4,0.0,0.0,28,22,0,3,42080,104,0
3,-1.2,0.0,0.0,29,23,0,4,42080,104,0
3,-1.8,0.0,0.0,30,20,0,5,42080,104,0
3,-1.9,0.0,0.0,36,19,0,6,42080,104,0
3,-2.4,0.0,0.0,24,18,0,7,42080,104,0
3,-2.5,0.0,0.0,21,19,0,8,42080,104,4
3,-1.0,0.0,0.0,27,20,0,9,42080,104,0
3,1.0,0.0,0.0,32,18,0,10,42080,104,0
3,2.5,0.0,0.0,26,13,0,11,42080,104,0
3,3.5,0.0,0.0,18,4,0,12,42080,104,0
3,4.2,0.0,0.0,11,6,0,13,42080,104,1
3,5.4,0.0,0.0,12,8,0,14,42080,104,0
3,6.0,0.0,0.0,14,7,0,15,42080,104,2
3,5.4,0.0,0.0,17,9,0,16,42080,104,3
3,3.6,0.0,0.0,15,3,0,17,42080,104,4
3,2.1,0.0,0.0,21,13,0,18,42080,104,9
3,1.1,0.0,0.0,22,10,0,19,42080,104,2
3,0.2,0.0,0.0,17,11,0,20,42080,104,1
3,-0.5,0.0,0.0,17,9,0,21,42080,104,9
3,-0.7,0.0,0.0,14,6,0,22,42080,104,0
3,-1.2,0.0,0.0,19,12,0,23,42080,104,0
3,-1.6,0.0,0.0,10,7,0,0,42080,104,0
3,-1.1,0.0,0.0,22,14,0,1,42080,104,0
3,-0.9,0.0,0.0,0,18,0,2,42080,104,0
3,0.0,0.0,0.0,25,10,0,3,42080,104,0
4,-0.3,0.0,0.0,18,14,0,4,42080,104,0
4,0.0,0.0,0.0,21,12,0,5,42080,104,0
4,0.3,0.2,0.0,19,13,0,6,42080,104,0
4,0.3,0.0,0.0,17,12,0,7,42080,104,0
4,0.4,0.0,0.0,21,11,0,8,42080,104,0
4,0.8,0.0,0.0,25,13,0,9,42080,104,0
4,1.3,0.0,0.0,27,10,0,10,42080,104,0
4,2.5,0.0,0.0,24,20,0,11,42080,104,0
4,3.5,0.0,0.0,36,24,0,12,42080,104,3
4,3.8,0.0,0.0,35,18,0,13,42080,104,3
4,4.6,0.0,0.0,39,21,0,14,42080,104,0
4,4.8,0.0,0.0,41,21,0,15,42080,104,8
4,3.3,0.0,0.0,39,21,0,16,42080,104,2
4,2.4,0.0,0.0,50,26,0,17,42080,104,4
4,1.1,0.0,0.0,45,28,0,18,42080,104,12
4,0.4,0.0,0.0,42,27,0,19,42080,104,5
4,-0.7,0.0,0.0,38,27,0,20,42080,104,3
4,-0.8,0.0,0.0,46,27,0,21,42080,104,5
4,-1.5,0.0,0.0,40,24,0,22,42080,104,0
4,-1.8,0.0,0.0,39,24,0,23,42080,104,0
4,-2.3,0.0,0.0,35,22,0,0,42080,104,0
4,-2.9,0.0,0.0,40,22,0,1,42080,104,0
4,-3.0,0.0,0.0,38,24,0,2,42080,104,0
4,-3.3,0.0,0.0,42,27,0,3,42080,104,0
5,-3.9,0.0,0.0,30,25,0,4,42080,104,0
5,-4.2,0.0,0.0,33,21,0,5,42080,104,0
5,-4.3,0.0,0.0,30,18,0,6,42080,104,0
5,-4.3,0.0,0.0,23,14,0,7,42080,104,1
5,-4.2,0.0,0.0,25,18,0,8,42080,104,3
5,-3.3,0.0,0.0,29,21,0,9,42080,104,0
5,-1.2,0.0,0.0,35,26,0,10,42080,104,0
5,0.6,0.0,0.0,48,39,0,11,42080,104,4
5,2.6,0.0,0.0,59,38,0,12,42080,104,2
5,4.5,0.0,0.0,62,27,0,13,42080,104,0
5,5.8,0.0,0.0,55,22,0,14,42080,104,0
5,6.5,0.0,0.0,46,16,0,15,42080,104,0
5,6.0,0.0,0.0,51,14,0,16,42080,104,5
5,5.3,0.0,0.0,40,20,0,17,42080,104,3
5,4.1,0.0,0.0,42,34,0,18,42080,104,2
5,3.0,0.0,0.0,34,27,0,19,42080,104,4
5,2.0,0.0,0.0,34,26,0,20,42080,104,0
5,1.1,0.0,0.0,40,25,0,21,42080,104,0
5,0.3,0.0,0.0,46,26,0,22,42080,104,0
5,-0.2,0.0,0.0,43,24,0,23,42080,104,0
5,-0.7,0.0,0.0,46,26,0,0,42080,104,0
5,-0.9,0.0,0.0,45,26,0,1,42080,104,0
5,-0.8,0.0,0.0,46,22,0,2,42080,104,0
5,-0.7,0.0,0.0,45,33,0,3,42080,104,0
6,-0.6,0.0,0.0,48,31,0,4,42080,104,0
6,-0.6,0.0,0.0,43,29,0,5,42080,104,0
6,-0.4,0.0,0.0,41,31,0,6,42080,104,0
6,-0.2,0.0,0.0,41,25,0,7,42080,104,0
6,-0.1,0.0,0.0,43,27,0,8,42080,104,0
6,0.4,0.0,0.0,36,24,0,9,42080,104,2
6,1.5,0.0,0.0,47,29,0,10,42080,104,2
6,3.1,0.0,0.0,44,44,0,11,42080,104,0
6,5.2,0.0,0.0,55,32,0,12,42080,104,2
6,7.7,0.0,0.0,55,30,0,13,42080,104,7
6,9.0,0.0,0.0,60,20,0,14,42080,104,0
6,9.5,0.0,0.0,49,23,0,15,42080,104,3
6,9.6,0.0,0.0,46,19,0,16,42080,104,3
6,8.0,0.0,0.0,41,18,0,17,42080,104,2
6,5.8,0.0,0.0,32,23,0,18,42080,104,1
6,5.0,0.0,0.0,43,28,0,19,42080,104,2
6,4.6,0.0,0.0,41,28,0,20,42080,104,1
6,4.1,0.0,0.0,45,31,0,21,42080,104,0
6,3.0,0.0,0.0,45,29,0,22,42080,104,0
6,2.2,0.0,0.0,48,28,0,23,42080,104,0
6,1.8,0.0,0.0,52,31,0,0,42080,104,0
6,2.1,0.0,0.0,47,27,0,1,42080,104,0
6,2.5,0.0,0.0,48,27,0,2,42080,104,0
6,2.8,0.0,0.0,38,33,0,3,42080,104,0
0,4.4,0.0,0.0,40,29,0,4,42080,104,0
0,4.5,0.0,0.0,40,29,0,5,42080,104,0
0,4.0,0.1,0.0,39,23,0,6,42080,104,0
0,3.6,0.0,0.0,40,17,0,7,42080,104,0
0,3.4,0.0,0.0,41,19,0,8,42080,104,1
0,3.4,0.0,0.0,43,18,0,9,42080,104,1
0,4.5,0.0,0.0,37,33,0,10,42080,104,0
0,6.3,0.0,0.0,58,51,0,11,42080,104,0
0,7.4,0.0,0.0,70,40,0,12,42080,104,0
0,7.5,0.0,0.0,50,29,0,13,42080,104,1
0,7.5,0.0,0.0,45,25,0,14,42080,104,3
0,7.5,0.0,0.0,41,26,0,15,42080,104,0
0,7.4,0.0,0.0,37,27,0,16,42080,104,2
0,5.3,0.0,0.0,40,24,0,17,42080,104,4
0,3.7,0.0,0.0,35,24,0,18,42080,104,2
0,2.8,0.0,0.0,41,30,0,19,42080,104,8
0,2.0,0.0,0.0,38,32,0,20,42080,104,3
0,1.7,0.0,0.0,46,32,0,21,42080,104,6
0,1.7,0.0,0.0,37,32,0,22,42080,104,3
0,0.9,0.0,0.0,32,29,0,23,42080,104,1
0,0.0,0.0,0.0,34,25,0,0,42080,104,0
0,-0.6,0.0,0.0,38,26,0,1,42080,104,0
0,-1.1,0.0,0.0,40,30,0,2,42080,104,0
0,-1.5,0.0,0.0,39,32,0,3,42080,104,0
1,-1.9,0.0,0.0,45,23,0,4,42080,104,0
1,-1.8,0.0,0.0,32,23,0,5,42080,104,0
1,-1.8,0.0,0.0,38,20,0,6,42080,104,0
1,-2.0,0.0,0.0,37,20,0,7,42080,104,0
1,-2.4,0.0,0.0,42,14,0,8,42080,104,0
1,-1.7,0.0,0.0,41,14,0,9,42080,104,5
1,-0.4,0.0,0.0,59,19,0,10,42080,104,8
1,2.0,0.0,0.0,56,47,0,11,42080,104,0
1,4.0,0.0,0.0,70,58,0,12,42080,104,2
1,5.9,0.0,0.0,78,48,0,13,42080,104,0
1,7.0,0.0,0.0,66,38,0,14,42080,104,0
1,7.7,0.0,0.0,61,26,0,15,42080,104,2
1,7.1,0.0,0.0,47,31,0,16,42080,104,0
1,5.2,0.0,0.0,71,51,0,17,42080,104,6
1,3.2,0.0,0.0,84,58,0,18,42080,104,8
1,2.7,0.0,0.0,68,51,0,19,42080,104,10
1,1.8,0.0,0.0,72,49,0,20,42080,104,0
1,0.5,0.0,0.0,65,40,0,21,42080,104,0
1,-0.2,0.0,0.0,78,39,0,22,42080,104,0
1,-0.8,0.0,0.0,77,39,0,23,42080,104,0
1,-1.2,0.0,0.0,75,40,0,0,42080,104,0
1,-1.9,0.0,0.0,70,39,0,1,42080,104,0
1,-2.2,0.0,0.0,69,45,0,2,42080,104,0
1,-2.4,0.0,0.0,68,46,0,3,42080,104,0
2,-2.9,0.0,0.0,68,39,0,4,42080,104,0
2,-3.0,0.0,0.0,66,34,0,5,42080,104,0
2,-3.4,0.0,0.0,63,33,0,6,42080,104,0
2,-3.5,0.0,0.0,63,32,0,7,42080,104,0
2,-3.2,0.0,0.0,60,31,0,8,42080,104,0
2,-2.3,0.0,0.0,86,26,0,9,42080,104,0
2,-1.1,0.0,0.0,74,41,0,10,42080,104,0
2,0.1,0.0,0.0,81,61,0,11,42080,104,0
2,2.6,0.0,0.0,83,58,0,12,42080,104,0
2,5.2,0.0,0.0,101,49,0,13,42080,104,3
2,7.1,0.0,0.0,88,44,0,14,42080,104,29
2,8.4,0.0,0.0,86,39,0,15,42080,104,0
2,7.4,0.0,0.0,52,19,0,16,42080,104,0
2,6.7,0.0,0.0,39,20,0,17,42080,104,0
2,6.0,0.0,0.0,47,39,0,18,42080,104,0
2,5.7,0.0,0.0,63,44,0,19,42080,104,1
2,5.3,0.0,0.0,61,42,0,20,42080,104,0
2,4.9,0.0,0.0,67,42,0,21,42080,104,0
2,4.3,0.0,0.0,74,35,0,22,42080,104,0
2,4.1,0.0,0.0,56,34,0,23,42080,104,0
2,4.0,0.0,0.0,55,26,0,0,42080,104,0
2,3.4,0.0,0.0,49,29,0,1,42080,104,0
2,3.2,0.0,0.0,46,40,0,2,42080,104,0
2,2.7,0.0,0.0,43,37,0,3,42080,104,0
3,2.4,0.0,0.0,41,35,0,4,42080,104,0
3,2.5,0.0,0.0,51,31,0,5,42080,104,0
3,2.6,0.0,0.0,48,33,0,6,42080,104,0
3,2.6,0.0,0.0,54,28,0,7,42080,104,8
3,2.8,0.0,0.0,50,28,0,8,42080,104,0
3,3.2,0.0,0.0,60,28,0,9,42080,104,0
3,3.4,0.0,0.0,48,32,0,10,42080,104,0
3,3.3,0.0,0.0,51,38,0,11,42080,104,0
3,2.9,1.2,0.0,56,35,0,12,42080,104,0
3,2.6,0.0,0.0,48,28,0,13,42080,104,3
3,2.6,0.0,0.0,43,22,0,14,42080,104,4
3,2.8,1.7,0.0,36,15,0,15,42080,104,5
3,3.1,0.0,0.0,36,18,0,16,42080,104,0
3,3.0,0.0,0.0,35,17,0,17,42080,104,2
3,2.3,0.1,0.0,32,22,0,18,42080,104,2
3,2.1,0.0,0.0,35,26,0,19,42080,104,0
3,2.3,0.0,0.0,35,21,0,20,42080,104,0
3,2.3,0.0,0.0,37,27,0,21,42080,104,1
3,2.0,0.0,0.0,36,13,0,22,42080,104,8
3,1.2,0.0,0.0,18,7,0,23,42080,104,0
3,0.7,0.0,0.0,16,3,0,0,42080,104,0
3,0.7,0.0,0.0,16,2,0,1,42080,104,0
3,0.7,0.0,0.0,15,7,0,2,42080,104,0
3,-0.5,0.0,0.0,14,7,0,3,42080,104,0
4,-1.4,0.0,0.0,18,8,0,4,42080,104,0
4,-2.1,0.0,0.0,18,12,0,5,42080,104,0
4,-2.5,0.0,0.0,27,18,0,6,42080,104,0
4,-2.7,0.0,0.0,25,17,0,7,42080,104,4
4,-3.0,0.0,0.0,28,21,0,8,42080,104,1
4,-2.1,0.0,0.0,24,18,0,9,42080,104,0
4,0.0,0.0,0.0,29,29,0,10,42080,104,0
4,2.0,0.0,0.0,47,34,0,11,42080,104,0
4,3.1,0.0,0.0,50,29,0,12,42080,104,1
4,3.7,0.0,0.0,50,21,0,13,42080,104,2
4,4.7,0.0,0.0,28,19,0,14,42080,104,2
4,4.8,0.0,0.0,37,17,0,15,42080,104,3
4,4.6,0.0,0.0,27,16,0,16,42080,104,1
4,3.1,0.0,0.0,25,18,0,17,42080,104,0
4,1.5,0.0,0.0,25,19,0,18,42080,104,3
4,0.2,0.0,0.0,30,14,0,19,42080,104,0
4,-1.0,0.0,0.0,28,14,0,20,42080,104,0
4,-0.9,0.0,0.0,20,13,0,21,42080,104,1
4,-1.6,0.0,0.0,16,9,0,22,42080,104,4
4,-2.0,0.0,0.0,18,14,0,23,42080,104,0
4,-2.4,0.0,0.0,17,13,0,0,42080,104,0
4,-2.9,0.0,0.0,20,14,0,1,42080,104,0
4,-3.3,0.0,0.0,24,17,0,2,42080,104,0
4,-3.4,0.0,0.0,20,15,0,3,42080,104,0
5,-3.5,0.0,0.0,21,16,0,4,42080,104,0
5,-3.8,0.0,0.0,17,15,0,5,42080,104,0
5,-4.1,0.0,0.0,19,12,0,6,42080,104,0
5,-4.5,0.0,0.0,17,13,0,7,42080,104,2
5,-4.9,0.0,0.0,22,15,0,8,42080,104,3
5,-3.6,0.0,0.0,20,14,0,9,42080,104,0
5,-0.5,0.0,0.0,27,21,0,10,42080,104,1
5,1.6,0.0,0.0,34,27,0,11,42080,104,1
5,4.4,0.0,0.0,57,25,0,12,42080,104,0
5,6.4,0.0,0.0,60,23,0,13,42080,104,1
5,7.0,0.0,0.0,44,16,0,14,42080,104,3
5,7.5,0.0,0.0,44,13,0,15,42080,104,3
5,7.7,0.0,0.0,38,13,0,16,42080,104,0
5,6.0,0.0,0.0,35,9,0,17,42080,104,0
5,4.6,0.0,0.0,44,16,0,18,42080,104,1
5,3.1,0.0,0.0,46,19,0,19,42080,104,0
5,1.8,0.0,0.0,46,24,0,20,42080,104,0
5,0.9,0.0,0.0,50,24,0,21,42080,104,2
5,0.1,0.0,0.0,51,25,0,22,42080,104,1
5,-0.5,0.0,0.0,57,22,0,23,42080,104,0
5,-1.2,0.0,0.0,38,20,0,0,42080,104,0
5,-1.5,0.0,0.0,36,16,0,1,42080,104,0
5,-1.8,0.0,0.0,40,15,0,2,42080,104,0
5,-1.8,0.0,0.0,35,26,0,3,42080,104,0
6,-2.1,0.0,0.0,39,22,0,4,42080,104,0
6,-2.2,0.0,0.0,35,23,0,5,42080,104,0
6,-1.9,0.0,0.0,36,20,0,6,42080,104,0
6,-1.4,0.0,0.0,45,24,0,7,42080,104,0
6,-1.2,0.0,0.0,42,22,0,8,42080,104,0
6,-0.4,0.0,0.0,45,27,0,9,42080,104,0
6,0.7,0.0,0.0,38,32,0,10,42080,104,0
6,1.8,0.0,0.0,59,35,0,11,42080,104,0
6,3.1,0.0,0.0,48,30,0,12,42080,104,0
6,4.4,0.0,0.0,61,30,0,13,42080,104,0
6,5.1,0.0,0.0,51,22,0,14,42080,104,0
6,5.9,0.0,0.0,47,19,0,15,42080,104,0
6,6.3,0.0,0.0,49,18,0,16,42080,104,0
6,5.7,0.0,0.0,45,20,0,17,42080,104,3
6,4.8,0.4,0.0,43,24,0,18,42080,104,0
6,3.7,0.0,0.0,34,27,0,19,42080,104,0
6,3.3,0.0,0.0,44,25,0,20,42080,104,0
6,3.3,4.1,0.0,39,16,0,21,42080,104,0
6,3.1,0.0,0.0,32,11,0,22,42080,104,0
6,3.1,0.0,0.0,29,11,0,23,42080,104,0
6,3.2,2.5,0.0,30,9,0,0,42080,104,0
6,3.3,0.0,0.0,29,9,0,1,42080,104,0
6,3.5,0.0,0.0,29,12,0,2,42080,104,0
6,3.6,1.0,0.0,19,13,0,3,42080,104,0
0,3.8,0.0,0.0,21,10,0,4,42080,104,0
0,3.8,0.0,0.0,13,8,0,5,42080,104,0
0,4.0,0.0,0.0,14,6,0,6,42080,104,0
0,4.0,0.0,0.0,13,6,0,7,42080,104,3
0,4.2,0.0,0.0,20,5,0,8,42080,104,3
0,4.5,0.0,0.0,14,5,0,9,42080,104,1
0,4.9,0.0,0.0,15,10,0,10,42080,104,0
0,5.8,0.0,0.0,0,23,0,11,42080,104,0
0,6.6,0.0,0.0,38,20,0,12,42080,104,0
0,8.9,0.0,0.0,32,13,0,13,42080,104,0
0,9.1,0.0,0.0,28,8,0,14,42080,104,0
0,8.8,0.0,0.0,24,9,0,15,42080,104,0
0,8.3,0.0,0.0,23,6,0,16,42080,104,0
0,6.5,0.0,0.0,20,8,0,17,42080,104,4
0,5.0,0.5,0.0,28,16,0,18,42080,104,4
0,4.3,0.0,0.0,43,22,0,19,42080,104,2
0,2.7,0.0,0.0,45,24,0,20,42080,104,0
0,1.5,0.0,0.0,31,16,0,21,42080,104,1
0,0.3,0.0,0.0,34,15,0,22,42080,104,5
0,-0.1,0.0,0.0,20,12,0,23,42080,104,0
0,-0.4,0.0,0.0,32,15,0,0,42080,104,0
0,-1.2,0.0,0.0,23,14,0,1,42080,104,0
0,-2.1,0.0,0.0,21,15,0,2,42080,104,0
0,-3.3,0.0,0.0,20,17,0,3,42080,104,0
1,-4.4,0.0,0.0,20,18,0,4,42080,104,0
1,-5.1,0.0,0.0,19,14,0,5,42080,104,0
1,-5.9,0.0,0.0,26,14,0,6,42080,104,0
1,-6.7,0.0,0.0,23,12,0,7,42080,104,3
1,-7.1,0.0,0.0,17,14,0,8,42080,104,1
1,-6.2,0.0,0.0,20,9,0,9,42080,104,0
1,-5.0,0.0,0.0,17,5,0,10,42080,104,1
1,-4.3,0.0,0.0,19,8,0,11,42080,104,0
1,-2.8,0.0,0.0,17,8,0,12,42080,104,0
1,-2.3,0.0,0.0,15,10,0,13,42080,104,1
1,-0.7,0.0,0.0,14,7,0,14,42080,104,4
1,-0.9,0.0,0.0,13,11,0,15,42080,104,0
1,-1.4,0.0,0.0,14,7,0,16,42080,104,0
1,-2.8,0.0,0.0,17,9,0,17,42080,104,4
1,-4.0,0.0,0.0,9,7,0,18,42080,104,2
1,-4.9,0.0,0.0,11,10,0,19,42080,104,3
1,-5.8,0.0,0.0,14,10,0,20,42080,104,4
1,-6.8,0.0,0.0,16,12,0,21,42080,104,2
1,-7.3,0.0,0.0,19,13,0,22,42080,104,6
1,-7.1,0.0,0.0,17,10,0,23,42080,104,0
1,-7.5,0.0,0.0,21,10,0,0,42080,104,0
1,-7.5,0.0,0.0,15,12,0,1,42080,104,0
1,-7.5,0.0,0.0,19,8,0,2,42080,104,0
1,-6.5,0.0,0.0,16,16,0,3,42080,104,0
3,17.3,0.0,0.0,33,16,1,4,42080,104,0
3,16.6,0.0,0.0,28,15,1,5,42080,104,0
3,15.9,0.0,0.0,23,23,1,6,42080,104,1
3,15.8,0.0,0.0,16,20,1,7,42080,104,2
3,16.8,0.0,0.0,22,12,1,8,42080,104,5
3,19.5,0.0,0.0,21,22,1,9,42080,104,4
3,21.4,0.0,0.0,27,21,1,10,42080,104,6
3,21.5,0.0,0.0,23,23,1,11,42080,104,0
3,22.5,0.0,0.0,25,19,1,12,42080,104,2
3,24.1,0.0,0.0,28,30,1,13,42080,104,3
3,24.8,0.0,0.0,27,26,1,14,42080,104,5
3,25.4,0.0,0.0,26,21,1,15,42080,104,3
3,25.0,0.0,0.0,28,22,1,16,42080,104,0
3,24.6,0.0,0.0,22,23,1,17,42080,104,0
3,22.9,0.0,0.0,27,17,1,18,42080,104,7
3,22.0,0.0,0.0,27,19,1,19,42080,104,0
3,20.6,0.0,0.0,25,17,1,20,42080,104,0
3,19.7,0.0,0.0,27,21,1,21,42080,104,2
3,19.0,0.0,0.0,25,18,1,22,42080,104,0
3,19.1,0.0,0.0,23,17,1,23,42080,104,0
3,19.1,0.0,0.0,24,15,1,0,42080,104,0
3,18.7,0.0,0.0,21,15,1,1,42080,104,0
3,18.5,0.0,0.0,24,14,1,2,42080,104,0
3,18.5,0.0,0.0,25,14,1,3,42080,104,0
4,18.2,0.0,0.0,19,9,1,4,42080,104,0
4,17.6,0.0,0.0,19,22,1,5,42080,104,0
4,17.5,0.0,0.0,19,20,1,6,42080,104,0
4,17.0,0.0,0.0,18,12,1,7,42080,104,1
4,18.3,0.0,0.0,21,21,1,8,42080,104,4
4,20.9,0.0,0.0,21,5,1,9,42080,104,7
4,21.3,0.0,0.0,17,13,1,10,42080,104,7
4,23.2,0.0,0.0,16,10,1,11,42080,104,0
4,24.2,0.0,0.0,14,12,1,12,42080,104,3
4,24.7,0.0,0.0,15,17,1,13,42080,104,6
4,25.0,0.0,0.0,15,10,1,14,42080,104,4
4,24.6,0.0,0.0,18,14,1,15,42080,104,1
4,24.2,0.0,0.0,14,11,1,16,42080,104,4
4,23.1,0.0,0.0,16,22,1,17,42080,104,4
4,22.1,0.0,0.0,13,10,1,18,42080,104,3
4,21.1,0.0,0.0,15,13,1,19,42080,104,1
4,20.7,0.0,0.0,16,14,1,20,42080,104,2
4,20.3,0.0,0.0,16,5,1,21,42080,104,4
4,20.1,0.0,0.0,25,11,1,22,42080,104,6
4,19.7,0.0,0.0,22,21,1,23,42080,104,1
4,19.6,0.0,0.0,23,16,1,0,42080,104,0
4,19.3,0.0,0.0,15,9,1,1,42080,104,0
4,18.9,0.4,0.0,19,16,1,2,42080,104,0
4,18.3,1.3,0.0,15,8,1,3,42080,104,0
5,17.9,0.2,0.0,20,20,1,4,42080,104,0
5,17.9,0.0,0.0,12,21,1,5,42080,104,0
5,17.8,0.0,0.0,19,16,1,6,42080,104,2
5,17.5,0.0,0.0,15,10,1,7,42080,104,1
5,17.9,0.0,0.0,13,5,1,8,42080,104,8
5,18.5,0.2,0.0,13,13,1,9,42080,104,2
5,19.6,0.0,0.0,13,17,1,10,42080,104,3
5,20.1,0.0,0.0,9,13,1,11,42080,104,2
5,21.4,0.0,0.0,9,1,1,12,42080,104,0
5,22.4,0.0,0.0,17,1,1,13,42080,104,5
5,23.4,0.0,0.0,16,11,1,14,42080,104,4
5,22.6,0.0,0.0,16,20,1,15,42080,104,3
5,22.5,0.0,0.0,17,8,1,16,42080,104,6
5,22.1,0.0,0.0,20,19,1,17,42080,104,9
5,21.3,0.0,0.0,20,22,1,18,42080,104,4
5,20.8,0.0,0.0,19,20,1,19,42080,104,2
5,20.6,0.0,0.0,20,21,1,20,42080,104,2
5,20.5,0.0,0.0,27,27,1,21,42080,104,4
5,20.0,0.0,0.0,24,21,1,22,42080,104,6
5,19.8,0.0,0.0,22,26,1,23,42080,104,2
5,19.5,0.0,0.0,25,18,1,0,42080,104,0
5,19.3,0.0,0.0,27,23,1,1,42080,104,0
5,19.1,0.0,0.0,35,25,1,2,42080,104,0
5,18.6,0.0,0.0,32,20,1,3,42080,104,0
6,18.5,0.1,0.0,34,11,1,4,42080,104,0
6,17.7,0.3,0.0,31,9,1,5,42080,104,0
6,17.4,0.3,0.0,33,14,1,6,42080,104,0
6,17.1,0.0,0.0,27,16,1,7,42080,104,2
6,17.7,0.0,0.0,29,17,1,8,42080,104,4
6,18.4,0.0,0.0,27,21,1,9,42080,104,4
6,19.4,0.0,0.0,30,27,1,10,42080,104,7
6,20.5,0.0,0.0,36,21,1,11,42080,104,3
6,20.7,0.0,0.0,32,24,1,12,42080,104,0
6,20.6,0.0,0.0,33,16,1,13,42080,104,11
6,20.3,0.0,0.0,33,15,1,14,42080,104,6
6,20.4,0.0,0.0,29,18,1,15,42080,104,5
6,21.0,0.0,0.0,29,14,1,16,42080,104,3
6,20.1,0.0,0.0,28,3,1,17,42080,104,7
6,19.2,0.0,0.0,16,6,1,18,42080,104,6
6,18.8,0.0,0.0,15,23,1,19,42080,104,8
6,17.5,0.0,0.0,20,8,1,20,42080,104,7
6,16.1,0.0,0.0,39,17,1,21,42080,104,6
6,14.8,0.0,0.0,41,13,1,22,42080,104,3
6,13.8,0.0,0.0,23,6,1,23,42080,104,3
6,12.8,0.0,0.0,20,18,1,0,42080,104,0
6,11.4,0.0,0.0,16,11,1,1,42080,104,0
6,10.1,0.0,0.0,20,11,1,2,42080,104,0
6,9.4,0.0,0.0,16,15,1,3,42080,104,0
0,9.1,0.0,0.0,19,7,1,4,42080,104,0
0,8.9,0.0,0.0,16,1,1,5,42080,104,0
0,8.2,0.0,0.0,17,21,1,6,42080,104,3
0,7.8,0.0,0.0,13,9,1,7,42080,104,3
0,9.6,0.0,0.0,12,5,1,8,42080,104,9
0,12.8,0.0,0.0,11,4,1,9,42080,104,6
0,15.1,0.0,0.0,21,9,1,10,42080,104,4
0,17.1,0.0,0.0,19,1,1,11,42080,104,4
0,17.6,0.0,0.0,20,9,1,12,42080,104,6
0,18.3,0.0,0.0,22,2,1,13,42080,104,5
0,19.4,0.0,0.0,22,7,1,14,42080,104,7
0,20.1,0.0,0.0,24,13,1,15,42080,104,3
0,19.0,0.0,0.0,19,7,1,16,42080,104,10
0,17.6,0.0,0.0,22,8,1,17,42080,104,6
0,15.6,0.0,0.0,18,5,1,18,42080,104,13
0,14.3,0.0,0.0,21,5,1,19,42080,104,7
0,13.3,0.0,0.0,16,11,1,20,42080,104,4
0,13.0,0.0,0.0,14,3,1,21,42080,104,3
0,12.9,0.0,0.0,19,4,1,22,42080,104,3
0,12.5,0.0,0.0,17,6,1,23,42080,104,0
0,12.2,0.0,0.0,13,14,1,0,42080,104,0
0,11.9,0.0,0.0,10,1,1,1,42080,104,0
0,11.6,0.0,0.0,14,1,1,2,42080,104,0
0,10.8,0.0,0.0,11,2,1,3,42080,104,0
1,10.3,0.0,0.0,8,4,1,4,42080,104,0
1,9.8,0.0,0.0,12,7,1,5,42080,104,0
1,9.1,0.0,0.0,16,6,1,6,42080,104,1
1,8.6,0.0,0.0,14,8,1,7,42080,104,9
1,10.7,0.0,0.0,11,12,1,8,42080,104,14
1,13.0,0.0,0.0,16,12,1,9,42080,104,6
1,15.8,0.0,0.0,28,15,1,10,42080,104,4
1,17.4,0.0,0.0,22,5,1,11,42080,104,4
1,18.3,0.0,0.0,16,5,1,12,42080,104,3
1,19.3,0.0,0.0,14,2,1,13,42080,104,5
1,19.7,0.0,0.0,0,0,1,14,42080,104,5
1,20.4,0.0,0.0,0,0,1,15,42080,104,3
1,19.6,0.0,0.0,0,0,1,16,42080,104,7
1,18.2,0.0,0.0,0,0,1,17,42080,104,6
1,16.2,0.0,0.0,0,0,1,18,42080,104,10
1,14.5,0.0,0.0,0,0,1,19,42080,104,12
1,13.8,0.0,0.0,0,0,1,20,42080,104,6
1,13.3,0.0,0.0,0,0,1,21,42080,104,4
1,13.1,0.0,0.0,0,0,1,22,42080,104,7
1,12.6,0.0,0.0,0,0,1,23,42080,104,0
1,12.4,0.0,0.0,0,0,1,0,42080,104,0
1,12.0,0.0,0.0,0,0,1,1,42080,104,0
1,11.8,0.0,0.0,0,0,1,2,42080,104,0
1,11.5,0.0,0.0,0,0,1,3,42080,104,0
2,11.7,0.0,0.0,0,0,1,4,42080,104,0
2,11.3,0.0,0.0,0,0,1,5,42080,104,0
2,11.1,0.0,0.0,0,0,1,6,42080,104,2
2,11.2,0.0,0.0,0,0,1,7,42080,104,3
2,11.8,0.0,0.0,0,0,1,8,42080,104,8
2,14.3,0.0,0.0,0,0,1,9,42080,104,9
2,16.1,0.0,0.0,0,0,1,10,42080,104,4
2,18.8,0.0,0.0,0,0,1,11,42080,104,4
2,20.9,0.0,0.0,0,0,1,12,42080,104,5
2,22.1,0.0,0.0,0,0,1,13,42080,104,7
2,22.9,0.0,0.0,0,0,1,14,42080,104,7
2,21.9,0.0,0.0,0,0,1,15,42080,104,10
2,22.3,0.0,0.0,6,4,1,16,42080,104,7
2,21.2,0.0,0.0,7,6,1,17,42080,104,7
2,20.1,0.0,0.0,10,4,1,18,42080,104,7
2,19.4,0.0,0.0,7,3,1,19,42080,104,11
2,18.7,0.0,0.0,10,2,1,20,42080,104,3
2,18.0,0.0,0.0,12,1,1,21,42080,104,7
2,17.2,0.0,0.0,9,2,1,22,42080,104,6
2,16.5,0.0,0.0,5,1,1,23,42080,104,2
2,16.5,0.0,0.0,4,1,1,0,42080,104,0
2,15.7,0.0,0.0,6,1,1,1,42080,104,0
2,15.0,0.0,0.0,5,6,1,2,42080,104,0
2,14.3,0.0,0.0,5,2,1,3,42080,104,0
3,13.5,0.0,0.0,8,3,1,4,42080,104,0
3,13.0,0.0,0.0,6,5,1,5,42080,104,0
3,13.0,0.0,0.0,5,5,1,6,42080,104,1
3,12.6,0.0,0.0,7,14,1,7,42080,104,5
3,14.6,0.0,0.0,9,3,1,8,42080,104,9
3,16.9,0.0,0.0,15,1,1,9,42080,104,8
3,20.0,0.0,0.0,9,9,1,10,42080,104,3
3,20.8,0.0,0.0,12,3,1,11,42080,104,6
3,21.4,0.0,0.0,17,7,1,12,42080,104,0
3,22.4,0.0,0.0,16,10,1,13,42080,104,6
3,22.6,0.0,0.0,9,7,1,14,42080,104,5
3,22.9,0.0,0.0,13,7,1,15,42080,104,4
3,22.3,0.0,0.0,14,5,1,16,42080,104,4
3,20.8,0.0,0.0,15,5,1,17,42080,104,8
3,19.6,0.0,0.0,0,11,1,18,42080,104,14
3,18.5,0.0,0.0,0,9,1,19,42080,104,10
3,17.8,0.0,0.0,0,10,1,20,42080,104,8
3,16.8,0.0,0.0,0,4,1,21,42080,104,8
3,16.0,0.0,0.0,0,8,1,22,42080,104,6
3,15.1,0.0,0.0,0,9,1,23,42080,104,2
3,14.6,0.0,0.0,0,17,1,0,42080,104,0
3,13.4,0.0,0.0,0,7,1,1,42080,104,0
3,12.8,0.0,0.0,0,9,1,2,42080,104,0
3,13.0,0.0,0.0,0,9,1,3,42080,104,0
4,13.2,0.0,0.0,0,8,1,4,42080,104,0
4,14.6,0.0,0.0,0,11,1,5,42080,104,0
4,15.0,0.0,0.0,0,3,1,6,42080,104,0
4,14.5,0.0,0.0,0,6,1,7,42080,104,2
4,15.9,0.0,0.0,0,1,1,8,42080,104,9
4,18.7,0.0,0.0,0,5,1,9,42080,104,7
4,19.9,0.0,0.0,0,12,1,10,42080,104,12
4,20.6,0.0,0.0,0,6,1,11,42080,104,9
4,21.4,0.0,0.0,0,1,1,12,42080,104,8
4,22.4,0.0,0.0,0,1,1,13,42080,104,18
4,23.1,0.0,0.0,0,4,1,14,42080,104,7
4,23.2,0.0,0.0,0,1,1,15,42080,104,10
4,23.0,0.0,0.0,0,10,1,16,42080,104,6
4,21.6,0.0,0.0,0,2,1,17,42080,104,7
4,19.7,0.0,0.0,0,7,1,18,42080,104,5
4,18.7,0.0,0.0,0,12,1,19,42080,104,8
4,17.9,0.0,0.0,0,13,1,20,42080,104,4
4,16.8,0.0,0.0,0,16,1,21,42080,104,5
4,16.3,0.0,0.0,0,13,1,22,42080,104,4
4,16.7,0.0,0.0,0,16,1,23,42080,104,0
4,16.3,0.0,0.0,0,3,1,0,42080,104,0
4,15.4,0.0,0.0,0,13,1,1,42080,104,0
4,14.3,0.0,0.0,0,14,1,2,42080,104,0
4,13.7,0.0,0.0,0,5,1,3,42080,104,0
5,13.1,0.0,0.0,0,13,1,4,42080,104,0
5,12.5,0.0,0.0,0,1,1,5,42080,104,0
5,12.4,0.0,0.0,0,11,1,6,42080,104,2
5,12.0,0.0,0.0,0,19,1,7,42080,104,2
5,13.3,0.0,0.0,0,14,1,8,42080,104,8
5,15.8,0.0,0.0,0,1,1,9,42080,104,6
5,17.9,0.0,0.0,0,8,1,10,42080,104,5
5,20.8,0.0,0.0,0,9,1,11,42080,104,6
5,21.8,0.0,0.0,0,6,1,12,42080,104,4
5,22.3,0.0,0.0,0,6,1,13,42080,104,8
5,22.9,0.0,0.0,0,8,1,14,42080,104,7
5,23.0,0.0,0.0,0,12,1,15,42080,104,4
5,23.4,0.0,0.0,0,7,1,16,42080,104,3
5,20.9,0.0,0.0,0,18,1,17,42080,104,6
5,19.6,0.0,0.0,0,12,1,18,42080,104,6
5,18.6,0.0,0.0,0,16,1,19,42080,104,9
5,17.8,0.0,0.0,0,11,1,20,42080,104,1
5,17.4,0.0,0.0,0,26,1,21,42080,104,4
5,16.8,0.0,0.0,0,12,1,22,42080,104,8
5,16.5,0.0,0.0,0,18,1,23,42080,104,7
5,16.6,0.0,0.0,0,13,1,0,42080,104,0
5,16.3,0.0,0.0,0,1,1,1,42080,104,0
5,15.4,0.0,0.0,0,7,1,2,42080,104,0
5,14.9,0.0,0.0,0,10,1,3,42080,104,0
6,14.5,0.0,0.0,0,9,1,4,42080,104,0
6,14.0,0.0,0.0,0,10,1,5,42080,104,0
6,13.3,0.0,0.0,0,9,1,6,42080,104,1
6,12.2,0.0,0.0,0,9,1,7,42080,104,3
6,13.3,0.0,0.0,0,11,1,8,42080,104,1
6,16.8,0.0,0.0,0,5,1,9,42080,104,12
6,19.7,0.0,0.0,0,2,1,10,42080,104,8
6,21.0,0.0,0.0,0,10,1,11,42080,104,5
6,21.7,0.0,0.0,0,11,1,12,42080,104,9
6,21.2,0.0,0.0,0,14,1,13,42080,104,3
6,20.6,0.0,0.0,0,7,1,14,42080,104,2
6,20.8,0.0,0.0,0,6,1,15,42080,104,8
6,20.5,0.0,0.0,0,16,1,16,42080,104,4
6,19.8,0.0,0.0,0,7,1,17,42080,104,5
6,18.5,0.0,0.0,0,19,1,18,42080,104,1
6,18.0,0.0,0.0,0,11,1,19,42080,104,5
6,17.5,0.0,0.0,0,9,1,20,42080,104,2
6,17.2,0.0,0.0,0,15,1,21,42080,104,3
6,16.7,0.0,0.0,0,16,1,22,42080,104,6
6,16.0,0.0,0.0,0,18,1,23,42080,104,0
6,15.5,0.0,0.0,0,13,1,0,42080,104,0
6,15.3,0.0,0.0,0,15,1,1,42080,104,0
6,15.3,0.0,0.0,0,14,1,2,42080,104,0
6,14.7,0.0,0.0,0,20,1,3,42080,104,0
0,14.6,0.0,0.0,0,11,1,4,42080,104,0
0,14.8,0.0,0.0,0,4,1,5,42080,104,0
0,14.8,0.3,0.0,0,13,1,6,42080,104,1
0,14.8,0.0,0.0,0,21,1,7,42080,104,5
0,15.2,0.1,0.0,0,22,1,8,42080,104,6
0,15.8,0.0,0.0,0,15,1,9,42080,104,5
0,17.1,0.0,0.0,0,23,1,10,42080,104,6
0,19.4,0.0,0.0,23,12,1,11,42080,104,4
0,20.6,0.0,0.0,36,18,1,12,42080,104,4
0,21.5,0.0,0.0,27,8,1,13,42080,104,5
0,23.1,0.0,0.0,25,10,1,14,42080,104,4
0,22.1,0.0,0.0,27,17,1,15,42080,104,6
0,22.0,0.0,0.0,21,16,1,16,42080,104,9
0,20.9,0.0,0.0,27,14,1,17,42080,104,7
0,19.1,0.0,0.0,28,21,1,18,42080,104,9
0,18.0,0.0,0.0,30,26,1,19,42080,104,6
0,17.3,0.0,0.0,39,25,1,20,42080,104,6
0,15.8,0.0,0.0,40,6,1,21,42080,104,5
0,14.6,0.0,0.0,22,18,1,22,42080,104,6
0,13.9,0.0,0.0,16,10,1,23,42080,104,5
0,13.5,0.0,0.0,18,11,1,0,42080,104,0
0,12.4,0.0,0.0,20,13,1,1,42080,104,0
0,11.6,0.0,0.0,15,0,1,2,42080,104,0
0,10.9,0.0,0.0,11,17,1,3,42080,104,0
1,10.3,0.0,0.0,13,2,1,4,42080,104,0
1,9.6,0.0,0.0,12,7,1,5,42080,104,0
1,8.9,0.0,0.0,9,7,1,6,42080,104,1
1,8.6,0.0,0.0,10,6,1,7,42080,104,7
1,10.6,0.0,0.0,10,13,1,8,42080,104,10
1,12.3,0.0,0.0,10,0,1,9,42080,104,4
1,15.4,0.0,0.0,23,8,1,10,42080,104,3
1,15.5,0.0,0.0,17,4,1,11,42080,104,4
1,17.0,0.0,0.0,10,1,1,12,42080,104,3
1,17.7,0.0,0.0,8,1,1,13,42080,104,5
1,17.3,0.0,0.0,11,1,1,14,42080,104,7
1,18.0,0.0,0.0,7,2,1,15,42080,104,5
1,17.5,0.0,0.0,10,13,1,16,42080,104,0
1,15.7,0.0,0.0,21,15,1,17,42080,104,3
1,14.7,0.0,0.0,21,14,1,18,42080,104,13
1,13.8,0.0,0.0,21,14,1,19,42080,104,5
1,12.7,0.0,0.0,22,16,1,20,42080,104,3
1,11.9,0.0,0.0,21,22,1,21,42080,104,3
1,10.9,0.0,0.0,19,22,1,22,42080,104,5
1,10.2,0.0,0.0,17,18,1,23,42080,104,5
1,9.4,0.0,0.0,17,12,1,0,42080,104,0
1,9.1,0.0,0.0,17,17,1,1,42080,104,0
1,8.6,0.0,0.0,17,16,1,2,42080,104,0
1,8.3,0.0,0.0,20,10,1,3,42080,104,0
2,8.3,0.0,0.0,16,23,1,4,42080,104,0
2,8.5,0.0,0.0,18,26,1,5,42080,104,0
2,8.9,0.0,0.0,20,18,1,6,42080,104,2
2,9.2,0.0,0.0,18,15,1,7,42080,104,2
2,9.9,0.0,0.0,13,17,1,8,42080,104,10
2,10.6,0.0,0.0,13,20,1,9,42080,104,10
2,11.8,0.0,0.0,21,22,1,10,42080,104,3
2,13.7,0.0,0.0,30,20,1,11,42080,104,5
2,15.4,0.0,0.0,37,18,1,12,42080,104,5
2,16.6,0.0,0.0,34,14,1,13,42080,104,5
2,18.3,0.0,0.0,37,14,1,14,42080,104,6
2,19.8,0.0,0.0,31,8,1,15,42080,104,5
2,19.2,0.0,0.0,32,13,1,16,42080,104,6
2,17.5,0.0,0.0,36,28,1,17,42080,104,7
2,15.0,0.0,0.0,47,29,1,18,42080,104,7
2,13.1,0.0,0.0,48,7,1,19,42080,104,7
2,12.1,0.0,0.0,28,8,1,20,42080,104,3
2,10.9,0.0,0.0,24,6,1,21,42080,104,2
2,10.0,0.0,0.0,20,13,1,22,42080,104,6
2,9.4,0.0,0.0,22,13,1,23,42080,104,0
2,8.6,0.0,0.0,21,12,1,0,42080,104,0
2,8.3,0.0,0.0,20,15,1,1,42080,104,0
2,7.7,0.0,0.0,17,17,1,2,42080,104,0
2,7.3,0.0,0.0,20,10,1,3,42080,104,0
3,7.0,0.0,0.0,19,4,1,4,42080,104,0
3,6.5,0.0,0.0,21,8,1,5,42080,104,0
3,6.2,0.0,0.0,24,8,1,6,42080,104,0
3,5.7,0.0,0.0,28,17,1,7,42080,104,10
3,7.4,0.0,0.0,24,19,1,8,42080,104,13
3,9.2,0.0,0.0,32,8,1,9,42080,104,7
3,11.3,0.0,0.0,35,19,1,10,42080,104,3
3,12.2,0.0,0.0,39,18,1,11,42080,104,5
3,14.5,0.0,0.0,46,12,1,12,42080,104,5
3,16.1,0.0,0.0,38,11,1,13,42080,104,4
3,17.0,0.0,0.0,38,15,1,14,42080,104,8
3,17.5,0.0,0.0,34,12,1,15,42080,104,7
3,18.0,0.0,0.0,31,12,1,16,42080,104,5
3,16.5,0.0,0.0,27,18,1,17,42080,104,6
3,14.5,0.0,0.0,29,20,1,18,42080,104,10
3,13.4,0.0,0.0,32,20,1,19,42080,104,5
3,12.3,0.0,0.0,35,21,1,20,42080,104,4
3,11.9,0.0,0.0,37,26,1,21,42080,104,4
3,11.3,0.0,0.0,40,32,1,22,42080,104,5
3,10.6,0.0,0.0,34,25,1,23,42080,104,5
3,9.8,0.0,0.0,36,22,1,0,42080,104,0
3,9.0,0.0,0.0,33,22,1,1,42080,104,0
3,8.3,0.0,0.0,34,26,1,2,42080,104,0
3,7.7,0.0,0.0,32,30,1,3,42080,104,0
4,7.1,0.0,0.0,27,32,1,4,42080,104,0
4,7.0,0.0,0.0,29,25,1,5,42080,104,0
4,7.3,0.0,0.0,26,30,1,6,42080,104,3
4,7.5,0.0,0.0,32,36,1,7,42080,104,6
4,8.2,0.0,0.0,29,34,1,8,42080,104,9
4,9.9,0.0,0.0,38,29,1,9,42080,104,4
4,12.4,0.0,0.0,54,47,1,10,42080,104,3
4,13.6,0.0,0.0,53,44,1,11,42080,104,5
4,14.5,0.0,0.0,48,41,1,12,42080,104,5
4,15.3,0.0,0.0,51,38,1,13,42080,104,9
4,15.7,0.0,0.0,43,35,1,14,42080,104,6
4,15.7,0.0,0.0,38,24,1,15,42080,104,5
4,15.5,0.0,0.0,40,27,1,16,42080,104,4
4,15.2,0.0,0.0,45,47,1,17,42080,104,10
4,14.0,0.0,0.0,46,44,1,18,42080,104,5
4,13.2,0.0,0.0,42,46,1,19,42080,104,13
4,12.3,0.0,0.0,39,41,1,20,42080,104,5
4,12.1,0.0,0.0,42,45,1,21,42080,104,5
4,11.5,0.0,0.0,45,42,1,22,42080,104,8
4,10.9,0.0,0.0,41,42,1,23,42080,104,0
4,10.1,0.0,0.0,41,40,1,0,42080,104,0
4,9.5,0.0,0.0,37,35,1,1,42080,104,0
4,9.0,0.0,0.0,30,33,1,2,42080,104,0
4,8.4,0.0,0.0,33,25,1,3,42080,104,0
5,8.0,0.0,0.0,31,23,1,4,42080,104,0
5,8.0,0.0,0.0,33,23,1,5,42080,104,0
5,8.0,0.0,0.0,30,34,1,6,42080,104,3
5,8.1,0.0,0.0,34,31,1,7,42080,104,4
5,9.0,0.0,0.0,33,33,1,8,42080,104,9
5,11.3,0.0,0.0,35,0,1,9,42080,104,6
5,14.7,0.0,0.0,46,0,1,10,42080,104,6
5,16.9,0.0,0.0,49,37,1,11,42080,104,10
5,18.4,0.0,0.0,32,11,1,12,42080,104,5
5,18.9,0.0,0.0,21,19,1,13,42080,104,10
5,18.6,0.0,0.0,20,25,1,14,42080,104,9
5,19.0,0.0,0.0,21,14,1,15,42080,104,5
5,18.9,0.0,0.0,24,17,1,16,42080,104,2
5,17.7,0.0,0.0,20,26,1,17,42080,104,9
5,15.0,0.0,0.0,24,19,1,18,42080,104,2
5,13.3,0.0,0.0,25,23,1,19,42080,104,1
5,12.7,0.0,0.0,23,14,1,20,42080,104,3
5,11.9,0.0,0.0,25,11,1,21,42080,104,8
5,10.6,0.0,0.0,28,24,1,22,42080,104,4
5,9.5,0.0,0.0,26,26,1,23,42080,104,1
5,8.6,0.0,0.0,22,18,1,0,42080,104,0
5,7.8,0.0,0.0,19,15,1,1,42080,104,0
5,7.2,0.0,0.0,22,24,1,2,42080,104,0
5,6.8,0.0,0.0,22,19,1,3,42080,104,0
6,6.3,0.0,0.0,21,19,1,4,42080,104,0
6,5.8,0.0,0.0,20,8,1,5,42080,104,0
6,5.3,0.0,0.0,18,25,1,6,42080,104,2
6,5.3,0.0,0.0,17,21,1,7,42080,104,1
6,6.8,0.0,0.0,20,0,1,8,42080,104,4
6,9.6,0.0,0.0,20,0,1,9,42080,104,10
6,13.4,0.0,0.0,29,35,1,10,42080,104,5
6,16.2,0.0,0.0,38,21,1,11,42080,104,0
6,17.9,0.0,0.0,35,16,1,12,42080,104,9
6,18.3,0.0,0.0,29,12,1,13,42080,104,8
6,19.6,0.0,0.0,22,11,1,14,42080,104,4
6,19.8,0.0,0.0,25,18,1,15,42080,104,3
6,19.7,0.0,0.0,31,6,1,16,42080,104,6
6,17.5,0.0,0.0,28,1,1,17,42080,104,3
6,15.8,0.0,0.0,21,15,1,18,42080,104,7
6,13.9,0.0,0.0,24,15,1,19,42080,104,2
6,13.2,0.0,0.0,21,15,1,20,42080,104,7
6,12.3,0.0,0.0,20,17,1,21,42080,104,9
6,11.4,0.0,0.0,23,23,1,22,42080,104,1
6,10.6,0.0,0.0,21,22,1,23,42080,104,0
6,10.0,0.0,0.0,22,22,1,0,42080,104,0
6,9.4,0.0,0.0,26,9,1,1,42080,104,0
6,8.8,0.0,0.0,24,21,1,2,42080,104,0
6,8.1,0.0,0.0,19,24,1,3,42080,104,0
0,7.7,0.0,0.0,21,22,1,4,42080,104,0
0,7.6,0.0,0.0,19,20,1,5,42080,104,0
0,7.2,0.0,0.0,18,20,1,6,42080,104,2
0,7.0,0.0,0.0,22,16,1,7,42080,104,3
0,7.8,0.0,0.0,22,17,1,8,42080,104,8
0,10.8,0.0,0.0,24,26,1,9,42080,104,2
0,14.1,0.0,0.0,31,0,1,10,42080,104,11
0,16.1,0.0,0.0,48,32,1,11,42080,104,7
0,18.9,0.0,0.0,41,28,1,12,42080,104,9
0,20.5,0.0,0.0,44,31,1,13,42080,104,10
0,21.1,0.0,0.0,43,19,1,14,42080,104,3
0,21.1,0.0,0.0,37,15,1,15,42080,104,7
0,21.1,0.0,0.0,35,9,1,16,42080,104,9
0,19.0,0.0,0.0,42,16,1,17,42080,104,4
0,17.0,0.0,0.0,45,11,1,18,42080,104,9
0,15.3,0.0,0.0,39,13,1,19,42080,104,6
0,14.4,0.0,0.0,49,22,1,20,42080,104,6
0,13.3,0.0,0.0,40,34,1,21,42080,104,4
0,12.2,0.0,0.0,58,23,1,22,42080,104,3
0,11.1,0.0,0.0,47,28,1,23,42080,104,1
0,10.4,0.0,0.0,49,28,1,0,42080,104,0
0,9.7,0.0,0.0,46,42,1,1,42080,104,0
0,9.2,0.0,0.0,46,33,1,2,42080,104,0
0,8.7,0.0,0.0,45,28,1,3,42080,104,0
1,8.3,0.0,0.0,44,23,1,4,42080,104,0
1,8.0,0.0,0.0,46,37,1,5,42080,104,0
1,7.6,0.0,0.0,44,28,1,6,42080,104,1
1,7.3,0.0,0.0,44,20,1,7,42080,104,7
1,8.4,0.0,0.0,50,18,1,8,42080,104,12
1,11.6,0.0,0.0,0,0,1,9,42080,104,4
1,14.3,0.0,0.0,0,0,1,10,42080,104,6
1,17.5,0.0,0.0,84,48,1,11,42080,104,6
1,19.9,0.0,0.0,87,45,1,12,42080,104,11
1,20.7,0.0,0.0,88,42,1,13,42080,104,7
1,21.3,0.0,0.0,55,28,1,14,42080,104,7
1,22.0,0.0,0.0,48,22,1,15,42080,104,8
1,21.5,0.0,0.0,33,20,1,16,42080,104,5
1,19.3,0.0,0.0,37,35,1,17,42080,104,5
1,17.5,0.0,0.0,57,31,1,18,42080,104,7
1,15.5,0.0,0.0,45,28,1,19,42080,104,3
1,14.2,0.0,0.0,54,26,1,20,42080,104,7
1,13.1,0.0,0.0,48,34,1,21,42080,104,5
1,12.5,0.0,0.0,43,38,1,22,42080,104,5
1,11.9,0.0,0.0,48,30,1,23,42080,104,3
1,11.2,0.0,0.0,48,37,1,0,42080,104,0
1,11.0,0.0,0.0,45,46,1,1,42080,104,0
1,10.6,0.0,0.0,43,32,1,2,42080,104,0
1,9.9,0.0,0.0,41,38,1,3,42080,104,0
2,10.0,0.0,0.0,35,19,1,4,42080,104,0
2,10.0,0.0,0.0,35,16,1,5,42080,104,0
2,10.1,0.0,0.0,30,30,1,6,42080,104,0
2,10.2,0.0,0.0,35,29,1,7,42080,104,3
2,10.8,0.0,0.0,32,25,1,8,42080,104,12
2,11.8,0.0,0.0,39,19,1,9,42080,104,12
2,13.3,0.0,0.0,50,31,1,10,42080,104,5
2,14.5,0.0,0.0,48,16,1,11,42080,104,7
2,15.7,0.0,0.0,40,17,1,12,42080,104,6
2,16.1,0.0,0.0,36,11,1,13,42080,104,4
2,16.0,0.0,0.0,43,18,1,14,42080,104,5
2,16.2,0.0,0.0,40,15,1,15,42080,104,7
2,16.0,0.0,0.0,36,0,1,16,42080,104,6
2,15.8,0.0,0.0,50,45,1,17,42080,104,7
2,15.2,0.0,0.0,45,26,1,18,42080,104,11
2,14.9,0.0,0.0,42,23,1,19,42080,104,6
2,14.4,0.0,0.0,41,19,1,20,42080,104,0
2,13.9,0.0,0.0,41,19,1,21,42080,104,2
2,13.5,0.0,0.0,28,22,1,22,42080,104,3
2,13.0,0.0,0.0,31,19,1,23,42080,104,0
2,12.5,0.0,0.0,26,21,1,0,42080,104,0
2,12.0,0.0,0.0,26,17,1,1,42080,104,0
2,11.9,0.0,0.0,26,16,1,2,42080,104,0
2,11.6,0.0,0.0,28,23,1,3,42080,104,0
3,10.8,0.0,0.0,19,21,1,4,42080,104,0
3,10.4,0.0,0.0,23,10,1,5,42080,104,0
3,10.0,0.0,0.0,17,16,1,6,42080,104,1
3,9.7,0.0,0.0,20,16,1,7,42080,104,5
3,10.0,0.0,0.0,19,15,1,8,42080,104,13
3,12.9,0.0,0.0,25,25,1,9,42080,104,7
3,14.8,0.0,0.0,27,14,1,10,42080,104,4
3,15.8,0.0,0.0,28,18,1,11,42080,104,6
3,16.6,0.0,0.0,32,14,1,12,42080,104,4
3,18.3,0.0,0.0,31,10,1,13,42080,104,10
3,18.9,0.0,0.0,34,23,1,14,42080,104,6
3,18.6,0.0,0.0,48,31,1,15,42080,104,8
3,17.4,0.0,0.0,99,32,1,16,42080,104,4
3,16.4,0.0,0.0,137,42,1,17,42080,104,8
3,14.5,0.0,0.0,151,20,1,18,42080,104,11
3,12.5,0.0,0.0,81,5,1,19,42080,104,7
3,11.7,0.0,0.0,40,5,1,20,42080,104,2
3,11.1,0.0,0.0,27,5,1,21,42080,104,7
3,10.5,0.0,0.0,24,5,1,22,42080,104,5
3,9.9,0.0,0.0,22,5,1,23,42080,104,2
3,9.0,0.0,0.0,21,5,1,0,42080,104,0
3,9.3,0.0,0.0,17,5,1,1,42080,104,0
3,9.1,0.0,0.0,18,5,1,2,42080,104,0
3,8.8,0.0,0.0,17,5,1,3,42080,104,0
4,8.3,0.0,0.0,12,5,1,4,42080,104,0
4,7.2,0.0,0.0,13,5,1,5,42080,104,0
4,6.8,0.0,0.0,15,5,1,6,42080,104,2
4,6.6,0.0,0.0,12,5,1,7,42080,104,4
4,7.0,0.0,0.0,12,5,1,8,42080,104,9
4,9.8,0.0,0.0,11,5,1,9,42080,104,4
4,11.8,0.0,0.0,25,18,1,10,42080,104,5
4,13.0,0.0,0.0,22,19,1,11,42080,104,7
4,13.6,0.0,0.0,20,16,1,12,42080,104,3
4,15.0,0.0,0.0,22,16,1,13,42080,104,6
4,14.9,0.0,0.0,24,11,1,14,42080,104,8
4,15.2,0.0,0.0,20,10,1,15,42080,104,7
4,14.7,0.0,0.0,17,9,1,16,42080,104,5
4,12.5,0.0,0.0,18,7,1,17,42080,104,5
4,10.9,0.0,0.0,21,10,1,18,42080,104,12
4,9.9,0.0,0.0,18,10,1,19,42080,104,5
4,9.3,0.0,0.0,14,2,1,20,42080,104,3
4,9.0,0.0,0.0,12,1,1,21,42080,104,8
4,8.7,0.0,0.0,17,1,1,22,42080,104,7
4,8.2,0.0,0.0,13,8,1,23,42080,104,3
4,7.4,0.0,0.0,15,8,1,0,42080,104,0
4,6.6,0.0,0.0,12,14,1,1,42080,104,0
4,6.2,0.0,0.0,14,17,1,2,42080,104,0
4,5.7,0.0,0.0,11,11,1,3,42080,104,0
5,5.5,0.0,0.0,14,6,1,4,42080,104,0
5,4.5,0.0,0.0,9,16,1,5,42080,104,0
5,4.3,0.0,0.0,8,10,1,6,42080,104,1
5,4.0,0.0,0.0,13,7,1,7,42080,104,2
5,5.3,0.0,0.0,12,6,1,8,42080,104,10
5,8.6,0.0,0.0,12,14,1,9,42080,104,7
5,10.9,0.0,0.0,27,13,1,10,42080,104,10
5,12.0,0.0,0.0,22,1,1,11,42080,104,12
5,13.6,0.0,0.0,16,5,1,12,42080,104,7
5,15.0,0.0,0.0,13,1,1,13,42080,104,7
5,15.6,0.0,0.0,17,6,1,14,42080,104,10
5,15.2,0.0,0.0,18,4,1,15,42080,104,13
5,14.7,0.0,0.0,20,3,1,16,42080,104,10
5,12.5,0.0,0.0,13,12,1,17,42080,104,4
5,11.0,0.0,0.0,14,17,1,18,42080,104,9
5,9.5,0.0,0.0,12,7,1,19,42080,104,6
5,8.8,0.0,0.0,11,3,1,20,42080,104,1
5,8.4,0.0,0.0,10,7,1,21,42080,104,5
5,8.0,0.0,0.0,13,13,1,22,42080,104,0
5,7.6,0.0,0.0,17,16,1,23,42080,104,0
5,7.9,0.0,0.0,16,14,1,0,42080,104,0
5,6.9,0.0,0.0,16,6,1,1,42080,104,0
5,6.7,0.0,0.0,11,11,1,2,42080,104,0
5,6.6,0.0,0.0,14,8,1,3,42080,104,0
6,6.0,0.0,0.0,13,7,1,4,42080,104,0
6,5.6,0.0,0.0,13,6,1,5,42080,104,0
6,4.9,0.0,0.0,11,12,1,6,42080,104,0
6,4.7,0.0,0.0,13,11,1,7,42080,104,2
6,5.9,0.0,0.0,10,13,1,8,42080,104,4
6,9.5,0.0,0.0,13,0,1,9,42080,104,3
6,13.6,0.0,0.0,20,8,1,10,42080,104,3
6,16.7,0.0,0.0,30,7,1,11,42080,104,5
6,17.7,0.0,0.0,25,1,1,12,42080,104,6
6,18.5,0.0,0.0,19,1,1,13,42080,104,6
6,18.6,0.0,0.0,20,3,1,14,42080,104,7
6,19.0,0.0,0.0,21,13,1,15,42080,104,2
6,18.6,0.0,0.0,16,7,1,16,42080,104,7
6,17.6,0.0,0.0,15,8,1,17,42080,104,5
6,15.7,0.0,0.0,21,10,1,18,42080,104,3
6,13.3,0.0,0.0,17,15,1,19,42080,104,5
6,12.0,0.0,0.0,20,12,1,20,42080,104,3
6,11.5,0.0,0.0,19,1,1,21,42080,104,0
6,10.7,0.0,0.0,19,14,1,22,42080,104,5
6,9.7,0.0,0.0,19,18,1,23,42080,104,0
6,8.9,0.0,0.0,23,9,1,0,42080,104,0
6,8.3,0.0,0.0,14,6,1,1,42080,104,0
6,7.7,0.0,0.0,12,16,1,2,42080,104,0
6,7.0,0.0,0.0,17,17,1,3,42080,104,0
0,6.5,0.0,0.0,15,15,1,4,42080,104,0
0,6.4,0.0,0.0,13,12,1,5,42080,104,0
0,6.0,0.0,0.0,15,19,1,6,42080,104,2
0,5.7,0.0,0.0,17,13,1,7,42080,104,6
0,6.3,0.0,0.0,16,16,1,8,42080,104,11
0,9.6,0.0,0.0,21,22,1,9,42080,104,7
0,12.8,0.0,0.0,32,28,1,10,42080,104,6
0,15.6,0.0,0.0,43,25,1,11,42080,104,6
0,17.3,0.0,0.0,48,18,1,12,42080,104,11
0,18.6,0.0,0.0,60,24,1,13,42080,104,9
0,18.3,0.0,0.0,53,17,1,14,42080,104,9
0,19.2,0.0,0.0,41,20,1,15,42080,104,5
0,19.4,0.0,0.0,44,22,1,16,42080,104,9
0,17.4,0.0,0.0,51,21,1,17,42080,104,14
0,15.0,0.0,0.0,47,25,1,18,42080,104,8
0,13.7,0.0,0.0,51,22,1,19,42080,104,5
0,12.9,0.0,0.0,39,25,1,20,42080,104,5
0,11.8,0.0,0.0,43,36,1,21,42080,104,0
0,10.7,0.0,0.0,42,34,1,22,42080,104,4
0,9.7,0.0,0.0,40,32,1,23,42080,104,2
0,8.8,0.0,0.0,43,22,1,0,42080,104,0
0,8.1,0.0,0.0,35,32,1,1,42080,104,0
0,7.6,0.0,0.0,39,30,1,2,42080,104,0
0,7.1,0.0,0.0,38,30,1,3,42080,104,0
1,6.7,0.0,0.0,35,22,1,4,42080,104,0
1,6.4,0.0,0.0,31,26,1,5,42080,104,0
1,6.2,0.0,0.0,38,25,1,6,42080,104,1
1,6.1,0.0,0.0,34,30,1,7,42080,104,9
1,6.6,0.0,0.0,35,25,1,8,42080,104,16
1,9.1,0.0,0.0,41,32,1,9,42080,104,7
1,12.4,0.0,0.0,55,49,1,10,42080,104,4
1,15.4,0.0,0.0,63,41,1,11,42080,104,6
1,18.5,0.0,0.0,74,29,1,12,42080,104,3
1,19.4,0.0,0.0,71,43,1,13,42080,104,6
1,20.7,0.0,0.0,67,27,1,14,42080,104,6
1,21.2,0.0,0.0,60,29,1,15,42080,104,9
1,20.4,0.0,0.0,54,29,1,16,42080,104,5
1,18.3,0.0,0.0,61,39,1,17,42080,104,4
1,16.3,0.0,0.0,63,42,1,18,42080,104,16
1,15.0,0.0,0.0,70,33,1,19,42080,104,5
1,14.5,0.0,0.0,73,35,1,20,42080,104,3
1,13.7,0.0,0.0,76,54,1,21,42080,104,9
1,12.7,0.0,0.0,70,42,1,22,42080,104,3
1,12.5,0.0,0.0,69,43,1,23,42080,104,5
1,12.2,0.0,0.0,67,41,1,0,42080,104,0
1,12.0,0.0,0.0,66,51,1,1,42080,104,0
1,11.9,0.0,0.0,68,39,1,2,42080,104,0
1,11.7,0.0,0.0,57,35,1,3,42080,104,0
2,11.5,0.0,0.0,63,35,1,4,42080,104,0
2,11.5,0.0,0.0,60,50,1,5,42080,104,0
2,11.3,0.0,0.0,59,45,1,6,42080,104,1
2,11.4,0.0,0.0,56,38,1,7,42080,104,6
2,11.8,0.0,0.0,54,41,1,8,42080,104,8
2,13.4,0.0,0.0,67,50,1,9,42080,104,8
2,15.3,0.0,0.0,72,41,1,10,42080,104,6
2,16.7,0.0,0.0,78,31,1,11,42080,104,11
2,18.0,0.0,0.0,70,26,1,12,42080,104,4
2,19.8,0.0,0.0,72,33,1,13,42080,104,11
2,20.1,0.0,0.0,72,26,1,14,42080,104,10
2,20.5,0.0,0.0,62,20,1,15,42080,104,5
2,18.7,0.0,0.0,60,17,1,16,42080,104,8
2,17.1,0.0,0.0,49,8,1,17,42080,104,11
2,14.7,0.0,0.0,26,10,1,18,42080,104,14
2,12.8,0.0,0.0,18,11,1,19,42080,104,5
2,11.4,0.0,0.0,16,17,1,20,42080,104,3
2,11.0,0.0,0.0,20,17,1,21,42080,104,8
2,9.9,0.0,0.0,22,16,1,22,42080,104,8
2,9.1,0.0,0.0,18,15,1,23,42080,104,3
2,8.1,0.0,0.0,18,14,1,0,42080,104,0
2,7.5,0.0,0.0,24,6,1,1,42080,104,0
2,6.7,0.0,0.0,20,3,1,2,42080,104,0
2,6.4,0.0,0.0,22,3,1,3,42080,104,0
3,5.7,0.0,0.0,20,14,1,4,42080,104,0
3,5.0,0.0,0.0,22,20,1,5,42080,104,0
3,4.4,0.0,0.0,16,16,1,6,42080,104,0
3,3.8,0.0,0.0,20,16,1,7,42080,104,5
3,4.6,0.0,0.0,21,17,1,8,42080,104,11
3,8.5,0.0,0.0,23,25,1,9,42080,104,5
3,12.2,0.0,0.0,35,20,1,10,42080,104,5
3,13.1,0.0,0.0,45,12,1,11,42080,104,5
3,14.2,0.0,0.0,38,10,1,12,42080,104,4
3,14.8,0.0,0.0,37,5,1,13,42080,104,11
3,15.5,0.0,0.0,29,5,1,14,42080,104,12
3,17.0,0.0,0.0,26,10,1,15,42080,104,6
3,17.0,0.0,0.0,17,11,1,16,42080,104,10
3,14.8,0.0,0.0,24,16,1,17,42080,104,10
3,12.7,0.0,0.0,24,19,1,18,42080,104,11
3,10.8,0.0,0.0,19,18,1,19,42080,104,3
3,10.4,0.0,0.0,33,11,1,20,42080,104,5
3,9.7,0.0,0.0,27,18,1,21,42080,104,5
3,8.9,0.0,0.0,29,16,1,22,42080,104,4
3,7.9,0.0,0.0,30,15,1,23,42080,104,0
3,7.2,0.0,0.0,23,18,1,0,42080,104,0
3,6.6,0.0,0.0,24,23,1,1,42080,104,0
3,5.7,0.0,0.0,29,23,1,2,42080,104,0
3,5.3,0.0,0.0,26,15,1,3,42080,104,0
4,4.7,0.0,0.0,25,22,1,4,42080,104,0
4,4.2,0.0,0.0,25,25,1,5,42080,104,0
4,3.9,0.0,0.0,23,23,1,6,42080,104,2
4,3.5,0.0,0.0,26,22,1,7,42080,104,5
4,4.2,0.0,0.0,24,25,1,8,42080,104,11
4,7.6,0.0,0.0,26,32,1,9,42080,104,4
4,10.8,0.0,0.0,46,32,1,10,42080,104,4
4,13.7,0.0,0.0,56,36,1,11,42080,104,2
4,16.2,0.0,0.0,54,22,1,12,42080,104,6
4,18.2,0.0,0.0,48,16,1,13,42080,104,5
4,19.3,0.0,0.0,30,10,1,14,42080,104,8
4,19.2,0.0,0.0,20,8,1,15,42080,104,6
4,18.9,0.0,0.0,26,12,1,16,42080,104,11
4,16.7,0.0,0.0,22,29,1,17,42080,104,8
4,14.8,0.0,0.0,40,20,1,18,42080,104,8
4,13.6,0.0,0.0,33,20,1,19,42080,104,6
4,12.1,0.0,0.0,33,16,1,20,42080,104,3
4,10.9,0.0,0.0,37,16,1,21,42080,104,6
4,10.0,0.0,0.0,34,39,1,22,42080,104,5
4,9.6,0.0,0.0,39,26,1,23,42080,104,4
4,8.9,0.0,0.0,35,21,1,0,42080,104,0
4,8.7,0.0,0.0,34,19,1,1,42080,104,0
4,7.9,0.0,0.0,31,22,1,2,42080,104,0
4,7.4,0.0,0.0,25,17,1,3,42080,104,0
5,6.9,0.0,0.0,20,19,1,4,42080,104,0
5,6.5,0.0,0.0,17,5,1,5,42080,104,0
5,6.1,0.0,0.0,15,12,1,6,42080,104,0
5,5.8,0.0,0.0,11,16,1,7,42080,104,2
5,6.5,0.0,0.0,16,15,1,8,42080,104,4
5,9.6,0.0,0.0,20,24,1,9,42080,104,6
5,13.2,0.0,0.0,27,14,1,10,42080,104,13
5,14.2,0.0,0.0,30,12,1,11,42080,104,7
5,17.1,0.0,0.0,25,7,1,12,42080,104,9
5,18.8,0.0,0.0,28,7,1,13,42080,104,12
5,19.8,0.0,0.0,24,14,1,14,42080,104,8
5,19.4,0.0,0.0,27,17,1,15,42080,104,7
5,19.5,0.0,0.0,24,7,1,16,42080,104,4
5,17.4,0.0,0.0,15,13,1,17,42080,104,7
5,15.5,0.0,0.0,21,15,1,18,42080,104,8
5,13.7,0.0,0.0,20,13,1,19,42080,104,7
5,13.0,0.0,0.0,25,18,1,20,42080,104,4
5,13.2,0.0,0.0,28,16,1,21,42080,104,6
5,12.9,0.0,0.0,37,23,1,22,42080,104,8
5,13.1,0.0,0.0,28,24,1,23,42080,104,0
5,12.6,0.0,0.0,29,27,1,0,42080,104,0
5,12.6,0.0,0.0,37,33,1,1,42080,104,0
5,12.5,0.0,0.0,31,25,1,2,42080,104,0
5,12.3,0.0,0.0,33,25,1,3,42080,104,0
6,12.3,0.0,0.0,32,27,1,4,42080,104,0
6,12.3,0.0,0.0,29,20,1,5,42080,104,0
6,12.2,0.0,0.0,30,29,1,6,42080,104,4
6,12.1,0.0,0.0,28,24,1,7,42080,104,1
6,12.3,0.0,0.0,26,23,1,8,42080,104,4
6,12.3,0.1,0.0,29,20,1,9,42080,104,1
6,12.3,0.0,0.0,27,21,1,10,42080,104,4
6,12.3,0.0,0.0,26,7,1,11,42080,104,3
6,11.9,1.8,0.0,17,4,1,12,42080,104,4
6,12.4,0.0,0.0,13,1,1,13,42080,104,5
6,12.9,0.0,0.0,11,3,1,14,42080,104,3
6,13.2,0.8,0.0,12,3,1,15,42080,104,5
6,13.3,0.0,0.0,10,5,1,16,42080,104,9
6,13.1,0.0,0.0,9,6,1,17,42080,104,4
6,13.1,1.0,0.0,11,7,1,18,42080,104,3
6,13.0,0.0,0.0,9,4,1,19,42080,104,5
6,13.0,0.0,0.0,8,2,1,20,42080,104,4
6,13.2,0.0,0.0,8,1,1,21,42080,104,6
6,13.0,0.0,0.0,17,2,1,22,42080,104,3
6,12.6,0.0,0.0,11,4,1,23,42080,104,0
6,12.5,0.0,0.0,9,6,1,0,42080,104,0
6,12.2,0.0,0.0,11,8,1,1,42080,104,0
6,11.5,0.0,0.0,11,9,1,2,42080,104,0
6,10.9,0.0,0.0,13,11,1,3,42080,104,0
0,10.4,0.0,0.0,8,10,1,4,42080,104,0
0,10.2,0.0,0.0,11,3,1,5,42080,104,0
0,9.6,0.0,0.0,10,13,1,6,42080,104,1
0,9.0,0.0,0.0,12,3,1,7,42080,104,10
0,9.2,0.0,0.0,9,3,1,8,42080,104,7
0,10.6,0.0,0.0,9,6,1,9,42080,104,6
0,12.5,0.0,0.0,22,17,1,10,42080,104,2
0,15.1,0.0,0.0,39,14,1,11,42080,104,4
0,15.9,0.0,0.0,68,4,1,12,42080,104,12
0,16.8,0.0,0.0,54,7,1,13,42080,104,6
0,17.2,0.0,0.0,36,1,1,14,42080,104,6
0,17.7,0.0,0.0,22,5,1,15,42080,104,6
0,16.3,0.0,0.0,25,7,1,16,42080,104,5
0,14.0,0.0,0.0,21,4,1,17,42080,104,8
0,11.8,0.0,0.0,16,2,1,18,42080,104,10
0,10.1,0.0,0.0,19,10,1,19,42080,104,5
0,9.1,0.0,0.0,23,5,1,20,42080,104,3
0,8.2,0.0,0.0,20,10,1,21,42080,104,4
0,6.8,0.0,0.0,14,11,1,22,42080,104,5
0,6.5,0.0,0.0,20,13,1,23,42080,104,0
0,5.9,0.0,0.0,20,11,1,0,42080,104,0
0,5.9,0.0,0.0,18,5,1,1,42080,104,0
0,6.5,0.0,0.0,19,18,1,2,42080,104,0
0,7.1,0.0,0.0,21,11,1,3,42080,104,0
1,6.8,0.0,0.0,19,14,1,4,42080,104,0
1,6.6,0.0,0.0,15,10,1,5,42080,104,0
1,5.6,0.3,0.0,16,5,1,6,42080,104,3
1,4.2,0.0,0.0,20,9,1,7,42080,104,4
1,4.7,0.0,0.0,14,4,1,8,42080,104,13
1,7.3,0.0,0.0,15,7,1,9,42080,104,11
1,7.9,0.0,0.0,19,4,1,10,42080,104,8
1,8.5,0.0,0.0,17,1,1,11,42080,104,8
1,9.1,0.0,0.0,22,3,1,12,42080,104,4
1,10.0,0.0,0.0,27,6,1,13,42080,104,3
1,9.6,0.0,0.0,27,5,1,14,42080,104,5
1,9.9,0.0,0.0,22,11,1,15,42080,104,10
1,9.1,0.0,0.0,23,10,1,16,42080,104,7
1,7.7,0.0,0.0,22,6,1,17,42080,104,4
1,6.3,0.0,0.0,17,6,1,18,42080,104,9
1,5.5,0.0,0.0,15,7,1,19,42080,104,8
1,4.5,0.0,0.0,15,8,1,20,42080,104,4
1,4.2,0.0,0.0,12,8,1,21,42080,104,7
1,2.9,0.0,0.0,12,12,1,22,42080,104,3
1,2.4,0.0,0.0,12,10,1,23,42080,104,1
1,2.2,0.0,0.0,12,12,1,0,42080,104,0
1,2.4,0.0,0.0,15,10,1,1,42080,104,0
1,1.7,0.0,0.0,14,15,1,2,42080,104,0
1,1.0,0.0,0.0,13,16,1,3,42080,104,0
2,0.6,0.0,0.0,15,9,1,4,42080,104,0
2,0.2,0.0,0.0,11,16,1,5,42080,104,0
2,0.0,0.0,0.0,14,11,1,6,42080,104,2
2,-0.4,0.0,0.0,12,10,1,7,42080,104,4
2,-0.1,0.0,0.0,16,14,1,8,42080,104,7
2,3.6,0.0,0.0,17,19,1,9,42080,104,8
2,6.4,0.0,0.0,0,0,1,10,42080,104,5
2,7.8,0.0,0.0,0,0,1,11,42080,104,4
2,9.0,0.0,0.0,37,1,1,12,42080,104,9
2,10.5,0.0,0.0,34,1,1,13,42080,104,12
2,11.7,0.0,0.0,26,6,1,14,42080,104,11
2,11.9,0.0,0.0,28,3,1,15,42080,104,12
2,11.8,0.0,0.0,25,6,1,16,42080,104,10
2,9.4,0.0,0.0,28,10,1,17,42080,104,8
2,7.5,0.0,0.0,27,9,1,18,42080,104,13
2,5.8,0.0,0.0,25,13,1,19,42080,104,6
2,5.0,0.0,0.0,22,16,1,20,42080,104,5
2,4.4,0.0,0.0,24,12,1,21,42080,104,11
2,3.1,0.0,0.0,21,18,1,22,42080,104,8
2,2.6,0.0,0.0,23,13,1,23,42080,104,0
2,1.7,0.0,0.0,26,19,1,0,42080,104,0
2,1.2,0.0,0.0,23,13,1,1,42080,104,0
2,0.8,0.0,0.0,25,22,1,2,42080,104,0
2,0.2,0.0,0.0,19,21,1,3,42080,104,0
3,0.0,0.0,0.0,19,13,1,4,42080,104,0
3,-0.2,0.0,0.0,18,19,1,5,42080,104,0
3,-0.3,0.0,0.0,21,17,1,6,42080,104,0
3,-0.3,0.0,0.0,21,17,1,7,42080,104,5
3,0.4,0.0,0.0,19,13,1,8,42080,104,11
3,3.4,0.0,0.0,24,19,1,9,42080,104,2
3,7.1,0.0,0.0,40,22,1,10,42080,104,5
3,10.5,0.0,0.0,49,22,1,11,42080,104,2
3,12.0,0.0,0.0,51,19,1,12,42080,104,6
3,13.8,0.0,0.0,44,7,1,13,42080,104,7
3,14.6,0.0,0.0,35,9,1,14,42080,104,4
3,16.1,0.0,0.0,29,5,1,15,42080,104,9
3,15.9,0.0,0.0,26,13,1,16,42080,104,7
3,14.4,0.0,0.0,35,17,1,17,42080,104,9
3,12.7,0.0,0.0,39,25,1,18,42080,104,10
3,11.9,0.0,0.0,34,16,1,19,42080,104,6
3,11.5,0.0,0.0,39,22,1,20,42080,104,2
3,11.0,0.0,0.0,40,31,1,21,42080,104,6
3,10.5,0.0,0.0,43,28,1,22,42080,104,8
3,10.3,0.0,0.0,42,31,1,23,42080,104,6
3,10.0,0.0,0.0,42,18,1,0,42080,104,0
3,9.7,0.0,0.0,39,21,1,1,42080,104,0
3,9.6,0.0,0.0,38,21,1,2,42080,104,0
3,9.3,0.0,0.0,37,17,1,3,42080,104,0
4,9.1,0.0,0.0,35,27,1,4,42080,104,0
4,8.9,0.0,0.0,37,41,1,5,42080,104,0
4,9.0,0.0,0.0,30,31,1,6,42080,104,1
4,8.7,0.0,0.0,36,21,1,7,42080,104,4
4,9.2,0.0,0.0,36,26,1,8,42080,104,10
4,10.0,0.0,0.0,38,22,1,9,42080,104,5
4,11.4,0.0,0.0,44,34,1,10,42080,104,5
4,12.7,0.0,0.0,51,36,1,11,42080,104,10
4,14.0,0.0,0.0,63,24,1,12,42080,104,4
4,14.6,0.0,0.0,56,32,1,13,42080,104,8
4,13.9,0.0,0.0,38,25,1,14,42080,104,6
4,13.9,0.3,0.0,37,12,1,15,42080,104,7
4,14.2,0.0,0.0,25,25,1,16,42080,104,8
4,14.0,0.0,0.0,31,30,1,17,42080,104,8
4,13.5,0.0,0.0,43,26,1,18,42080,104,12
4,12.7,0.0,0.0,48,25,1,19,42080,104,3
4,12.7,0.0,0.0,46,28,1,20,42080,104,5
4,12.7,0.0,0.0,39,27,1,21,42080,104,7
4,12.6,0.0,0.0,35,29,1,22,42080,104,8
4,11.8,0.0,0.0,38,16,1,23,42080,104,1
4,11.1,0.0,0.0,36,25,1,0,42080,104,0
4,10.5,0.0,0.0,30,15,1,1,42080,104,0
4,9.9,0.0,0.0,28,19,1,2,42080,104,0
4,9.9,0.0,0.0,26,23,1,3,42080,104,0
5,10.1,0.0,0.0,30,23,1,4,42080,104,0
5,10.1,0.0,0.0,25,27,1,5,42080,104,0
5,9.7,0.0,0.0,28,23,1,6,42080,104,3
5,9.5,0.0,0.0,30,15,1,7,42080,104,3
5,9.6,0.0,0.0,29,10,1,8,42080,104,6
5,11.9,0.0,0.0,25,19,1,9,42080,104,8
5,16.3,0.0,0.0,30,31,1,10,42080,104,7
5,18.2,0.0,0.0,73,15,1,11,42080,104,9
5,19.3,0.0,0.0,45,12,1,12,42080,104,9
5,19.4,0.0,0.0,48,28,1,13,42080,104,8
5,19.9,0.0,0.0,64,24,1,14,42080,104,7
5,19.7,0.0,0.0,66,27,1,15,42080,104,8
5,18.8,0.0,0.0,66,29,1,16,42080,104,7
5,17.1,0.0,0.0,75,27,1,17,42080,104,4
5,15.6,0.0,0.0,68,23,1,18,42080,104,9
5,13.8,0.0,0.0,73,19,1,19,42080,104,6
5,12.4,0.0,0.0,74,26,1,20,42080,104,5
5,11.8,0.0,0.0,76,31,1,21,42080,104,7
5,10.1,0.0,0.0,83,29,1,22,42080,104,5
5,10.2,0.0,0.0,73,35,1,23,42080,104,0
5,9.5,0.0,0.0,82,28,1,0,42080,104,0
5,9.3,0.0,0.0,84,43,1,1,42080,104,0
5,9.1,0.0,0.0,85,38,1,2,42080,104,0
5,8.7,0.0,0.0,85,37,1,3,42080,104,0
6,8.5,0.0,0.0,75,28,1,4,42080,104,0
6,8.2,0.0,0.0,74,31,1,5,42080,104,0
6,8.0,0.0,0.0,79,24,1,6,42080,104,0
6,7.6,0.0,0.0,74,23,1,7,42080,104,1
6,7.9,0.0,0.0,76,20,1,8,42080,104,3
6,10.8,0.0,0.0,77,29,1,9,42080,104,0
6,12.9,0.0,0.0,99,23,1,10,42080,104,8
6,14.4,0.0,0.0,84,10,1,11,42080,104,9
6,15.1,0.0,0.0,79,7,1,12,42080,104,5
6,15.1,0.0,0.0,76,1,1,13,42080,104,13
6,15.5,0.0,0.0,47,1,1,14,42080,104,7
6,14.3,0.0,0.0,38,2,1,15,42080,104,3
6,13.4,0.0,0.0,30,3,1,16,42080,104,4
6,10.8,0.0,0.0,16,2,1,17,42080,104,9
6,9.2,0.0,0.0,12,3,1,18,42080,104,5
6,7.7,0.0,0.0,19,3,1,19,42080,104,6
6,7.0,0.0,0.0,17,6,1,20,42080,104,7
6,6.3,0.0,0.0,16,4,1,21,42080,104,6
6,5.9,0.0,0.0,16,3,1,22,42080,104,11
6,5.4,0.0,0.0,13,8,1,23,42080,104,3
6,4.7,0.0,0.0,13,2,1,0,42080,104,0
6,3.5,0.0,0.0,21,11,1,1,42080,104,0
6,3.3,0.0,0.0,21,9,1,2,42080,104,0
6,2.6,0.0,0.0,16,15,1,3,42080,104,0
0,1.8,0.0,0.0,18,7,1,4,42080,104,0
0,1.6,0.0,0.0,16,11,1,5,42080,104,0
0,1.0,0.0,0.0,14,8,1,6,42080,104,2
0,0.2,0.0,0.0,12,8,1,7,42080,104,5
0,0.6,0.0,0.0,17,16,1,8,42080,104,8
0,4.4,0.0,0.0,16,7,1,9,42080,104,7
0,6.9,0.0,0.0,31,13,1,10,42080,104,3
0,9.1,0.0,0.0,22,2,1,11,42080,104,10
0,10.2,0.0,0.0,22,4,1,12,42080,104,9
0,11.3,0.0,0.0,14,5,1,13,42080,104,8
0,12.2,0.0,0.0,23,1,1,14,42080,104,10
0,11.4,0.0,0.0,19,11,1,15,42080,104,12
0,11.7,0.0,0.0,27,4,1,16,42080,104,4
0,9.9,0.0,0.0,28,20,1,17,42080,104,7
0,9.3,0.0,0.0,30,13,1,18,42080,104,10
0,8.9,0.0,0.0,15,12,1,19,42080,104,9
0,9.1,0.0,0.0,19,8,1,20,42080,104,5
0,9.5,0.0,0.0,21,21,1,21,42080,104,7
0,9.3,0.0,0.0,33,15,1,22,42080,104,3
0,9.2,0.0,0.0,28,13,1,23,42080,104,3
0,9.0,0.0,0.0,23,8,1,0,42080,104,0
0,9.0,0.0,0.0,23,8,1,1,42080,104,0
0,8.5,0.0,0.0,21,9,1,2,42080,104,0
0,7.9,0.0,0.0,21,10,1,3,42080,104,0
1,6.4,0.0,0.0,24,18,1,4,42080,104,0
1,5.7,0.0,0.0,25,13,1,5,42080,104,0
1,4.2,0.0,0.0,26,17,1,6,42080,104,1
1,3.1,0.0,0.0,21,20,1,7,42080,104,1
1,3.4,0.0,0.0,26,17,1,8,42080,104,16
1,6.8,0.0,0.0,30,22,1,9,42080,104,10
1,10.0,0.0,0.0,35,26,1,10,42080,104,5
1,11.5,0.0,0.0,43,7,1,11,42080,104,9
1,12.8,0.0,0.0,21,6,1,12,42080,104,3
1,13.4,0.0,0.0,22,1,1,13,42080,104,4
1,14.1,0.0,0.0,19,12,1,14,42080,104,6
1,14.5,0.0,0.0,22,5,1,15,42080,104,5
1,13.8,0.0,0.0,25,13,1,16,42080,104,8
1,11.7,0.0,0.0,22,12,1,17,42080,104,5
1,9.6,0.0,0.0,17,8,1,18,42080,104,9
1,8.2,0.0,0.0,19,13,1,19,42080,104,4
1,7.1,0.0,0.0,21,16,1,20,42080,104,5
1,6.8,0.0,0.0,26,14,1,21,42080,104,6
1,6.2,0.0,0.0,23,11,1,22,42080,104,5
1,5.4,0.0,0.0,18,15,1,23,42080,104,2
1,4.8,0.0,0.0,23,17,1,0,42080,104,0
1,4.2,0.0,0.0,20,7,1,1,42080,104,0
1,3.6,0.0,0.0,21,20,1,2,42080,104,0
1,3.2,0.0,0.0,21,14,1,3,42080,104,0
2,2.7,0.0,0.0,19,15,1,4,42080,104,0
2,2.3,0.0,0.0,17,19,1,5,42080,104,0
2,1.9,0.0,0.0,21,15,1,6,42080,104,1
2,1.6,0.0,0.0,19,20,1,7,42080,104,4
2,2.2,0.0,0.0,17,9,1,8,42080,104,6
2,5.3,0.0,0.0,20,6,1,9,42080,104,7
2,8.8,0.0,0.0,36,26,1,10,42080,104,2
2,11.7,0.0,0.0,52,17,1,11,42080,104,6
2,14.5,0.0,0.0,40,17,1,12,42080,104,4
2,15.6,0.0,0.0,35,10,1,13,42080,104,6
2,16.4,0.0,0.0,28,17,1,14,42080,104,7
2,17.5,0.0,0.0,26,6,1,15,42080,104,5
2,16.9,0.0,0.0,25,13,1,16,42080,104,6
2,14.5,0.0,0.0,16,17,1,17,42080,104,14
2,12.6,0.0,0.0,22,11,1,18,42080,104,9
2,11.2,0.0,0.0,16,13,1,19,42080,104,7
2,9.9,0.0,0.0,25,17,1,20,42080,104,5
2,8.6,0.0,0.0,33,18,1,21,42080,104,5
2,7.6,0.0,0.0,30,28,1,22,42080,104,5
2,6.8,0.0,0.0,32,21,1,23,42080,104,3
2,5.9,0.0,0.0,28,36,1,0,42080,104,0
2,5.1,0.0,0.0,29,26,1,1,42080,104,0
2,4.4,0.0,0.0,31,29,1,2,42080,104,0
2,3.9,0.0,0.0,30,20,1,3,42080,104,0
3,3.2,0.0,0.0,29,26,1,4,42080,104,0
3,2.8,0.0,0.0,37,29,1,5,42080,104,0
3,2.4,0.0,0.0,28,22,1,6,42080,104,1
3,2.0,0.0,0.0,31,22,1,7,42080,104,5
3,2.6,0.0,0.0,30,20,1,8,42080,104,12
3,5.6,0.0,0.0,32,25,1,9,42080,104,7
3,9.4,0.0,0.0,40,32,1,10,42080,104,6
3,12.3,0.0,0.0,50,25,1,11,42080,104,6
3,15.7,0.0,0.0,47,16,1,12,42080,104,6
3,17.4,0.0,0.0,47,28,1,13,42080,104,6
3,18.4,0.0,0.0,40,25,1,14,42080,104,4
3,18.6,0.0,0.0,31,16,1,15,42080,104,6
3,18.0,0.0,0.0,32,18,1,16,42080,104,5
3,16.5,0.0,0.0,33,22,1,17,42080,104,3
3,14.0,0.0,0.0,32,0,1,18,42080,104,6
3,12.3,0.0,0.0,32,20,1,19,42080,104,7
3,10.6,0.0,0.0,31,24,1,20,42080,104,3
3,9.8,0.0,0.0,33,24,1,21,42080,104,8
3,8.7,0.0,0.0,38,26,1,22,42080,104,7
3,7.8,0.0,0.0,38,26,1,23,42080,104,0
3,7.0,0.0,0.0,36,20,1,0,42080,104,0
3,6.3,0.0,0.0,37,26,1,1,42080,104,0
3,5.7,0.0,0.0,39,31,1,2,42080,104,0
3,5.0,0.0,0.0,37,27,1,3,42080,104,0
4,4.6,0.0,0.0,33,23,1,4,42080,104,0
4,4.0,0.0,0.0,33,38,1,5,42080,104,0
4,3.6,0.0,0.0,35,26,1,6,42080,104,2
4,3.3,0.0,0.0,32,32,1,7,42080,104,7
4,3.4,0.0,0.0,39,27,1,8,42080,104,14
4,5.9,0.0,0.0,41,37,1,9,42080,104,5
4,9.8,0.0,0.0,49,37,1,10,42080,104,5
4,13.4,0.0,0.0,68,42,1,11,42080,104,7
4,15.4,0.0,0.0,77,25,1,12,42080,104,3
4,16.4,0.0,0.0,64,26,1,13,42080,104,4
4,17.2,0.0,0.0,45,19,1,14,42080,104,6
4,17.7,0.0,0.0,39,11,1,15,42080,104,8
4,17.4,0.0,0.0,42,17,1,16,42080,104,7
4,16.0,0.0,0.0,47,23,1,17,42080,104,8
4,14.0,0.0,0.0,41,26,1,18,42080,104,10
4,12.9,0.0,0.0,44,24,1,19,42080,104,7
4,11.7,0.0,0.0,50,27,1,20,42080,104,3
4,10.6,0.0,0.0,52,41,1,21,42080,104,6
4,9.7,0.0,0.0,49,39,1,22,42080,104,5
4,8.8,0.0,0.0,54,33,1,23,42080,104,5
4,8.1,0.0,0.0,51,30,1,0,42080,104,0
4,7.4,0.0,0.0,51,27,1,1,42080,104,0
4,6.7,0.0,0.0,53,30,1,2,42080,104,0
4,6.3,0.0,0.0,54,25,1,3,42080,104,0
5,6.1,0.0,0.0,49,25,1,4,42080,104,0
5,5.5,0.0,0.0,50,30,1,5,42080,104,0
5,5.2,0.0,0.0,53,22,1,6,42080,104,0
5,5.3,0.0,0.0,57,16,1,7,42080,104,2
5,5.3,0.0,0.0,48,17,1,8,42080,104,6
5,5.9,0.0,0.0,40,27,1,9,42080,104,7
5,7.7,0.0,0.0,41,33,1,10,42080,104,7
5,12.2,0.0,0.0,46,48,1,11,42080,104,9
5,16.1,0.0,0.0,77,40,1,12,42080,104,7
5,18.3,0.0,0.0,74,32,1,13,42080,104,9
5,19.5,0.0,0.0,62,21,1,14,42080,104,10
5,20.0,0.0,0.0,38,20,1,15,42080,104,6
5,19.3,0.0,0.0,34,26,1,16,42080,104,8
5,17.3,0.0,0.0,38,24,1,17,42080,104,5
5,16.0,0.0,0.0,36,21,1,18,42080,104,4
5,14.2,0.0,0.0,31,26,1,19,42080,104,3
5,12.9,0.0,0.0,41,25,1,20,42080,104,1
5,11.7,0.0,0.0,40,24,1,21,42080,104,7
5,11.1,0.0,0.0,35,31,1,22,42080,104,6
5,10.0,0.0,0.0,37,28,1,23,42080,104,0
5,9.1,0.0,0.0,39,30,1,0,42080,104,0
5,8.5,0.0,0.0,38,24,1,1,42080,104,0
5,7.6,0.0,0.0,32,25,1,2,42080,104,0
5,7.1,0.0,0.0,34,30,1,3,42080,104,0
6,6.5,0.0,0.0,38,35,1,4,42080,104,0
6,6.1,0.0,0.0,33,26,1,5,42080,104,0
6,5.5,0.0,0.0,32,31,1,6,42080,104,1
6,5.2,0.0,0.0,31,31,1,7,42080,104,3
6,5.3,0.0,0.0,32,29,1,8,42080,104,4
6,7.5,0.0,0.0,35,37,1,9,42080,104,5
6,10.7,0.0,0.0,46,38,1,10,42080,104,6
6,14.5,0.0,0.0,52,32,1,11,42080,104,6
6,16.7,0.0,0.0,50,27,1,12,42080,104,9
6,18.9,0.0,0.0,50,35,1,13,42080,104,1
6,19.5,0.0,0.0,47,23,1,14,42080,104,6
6,19.6,0.0,0.0,37,20,1,15,42080,104,5
6,18.9,0.0,0.0,32,17,1,16,42080,104,4
6,17.3,0.0,0.0,33,24,1,17,42080,104,8
6,15.5,0.0,0.0,39,30,1,18,42080,104,3
6,13.8,0.0,0.0,39,29,1,19,42080,104,4
6,12.7,0.0,0.0,54,46,1,20,42080,104,5
6,11.7,0.0,0.0,68,61,1,21,42080,104,3
6,11.2,0.0,0.0,72,41,1,22,42080,104,1
6,10.3,0.0,0.0,68,39,1,23,42080,104,6
6,9.1,0.0,0.0,66,37,1,0,42080,104,0
6,8.6,0.0,0.0,62,42,1,1,42080,104,0
6,8.1,0.0,0.0,62,34,1,2,42080,104,0
6,7.7,0.0,0.0,56,33,1,3,42080,104,0
0,7.3,0.0,0.0,59,29,1,4,42080,104,0
0,6.8,0.0,0.0,61,30,1,5,42080,104,0
0,6.4,0.0,0.0,52,25,1,6,42080,104,1
0,6.0,0.0,0.0,53,16,1,7,42080,104,1
0,6.3,0.0,0.0,52,22,1,8,42080,104,10
0,8.2,0.0,0.0,60,41,1,9,42080,104,6
0,10.4,0.0,0.0,76,53,1,10,42080,104,4
0,11.4,0.0,0.0,80,55,1,11,42080,104,9
0,14.5,0.0,0.0,88,51,1,12,42080,104,4
0,17.1,0.0,0.0,94,56,1,13,42080,104,5
0,17.6,0.0,0.0,86,38,1,14,42080,104,3
0,18.0,0.0,0.0,74,42,1,15,42080,104,4
0,17.2,0.0,0.0,72,53,1,16,42080,104,4
0,15.6,0.0,0.0,73,55,1,17,42080,104,7
0,14.2,0.0,0.0,79,52,1,18,42080,104,13
0,12.9,0.0,0.0,82,51,1,19,42080,104,2
0,11.7,0.0,0.0,80,45,1,20,42080,104,3
0,10.7,0.0,0.0,83,63,1,21,42080,104,5
0,10.2,0.0,0.0,85,60,1,22,42080,104,6
0,10.3,0.0,0.0,80,51,1,23,42080,104,8
0,10.8,0.0,0.0,81,46,1,0,42080,104,0
0,10.6,0.0,0.0,73,45,1,1,42080,104,0
0,11.1,0.0,0.0,69,52,1,2,42080,104,0
0,12.7,0.0,0.0,63,37,1,3,42080,104,0
1,13.7,0.0,0.0,56,27,1,4,42080,104,0
1,14.0,0.0,0.0,55,36,1,5,42080,104,0
1,14.0,0.0,0.0,54,35,1,6,42080,104,1
1,13.7,0.0,0.0,57,38,1,7,42080,104,5
1,13.2,0.0,0.0,56,43,1,8,42080,104,11
1,14.8,0.0,0.0,61,55,1,9,42080,104,1
1,17.0,0.0,0.0,81,42,1,10,42080,104,3
1,18.8,0.0,0.0,62,37,1,11,42080,104,4
1,19.3,0.0,0.0,60,35,1,12,42080,104,5
1,19.5,0.0,0.0,56,29,1,13,42080,104,4
1,18.8,0.0,0.0,53,44,1,14,42080,104,6
1,17.5,0.0,0.0,67,24,1,15,42080,104,5
1,16.4,0.0,0.0,50,29,1,16,42080,104,6
1,16.0,0.0,0.0,36,28,1,17,42080,104,7
1,15.4,0.5,0.0,33,31,1,18,42080,104,11
1,14.8,0.0,0.0,33,31,1,19,42080,104,9
1,14.6,0.0,0.0,36,21,1,20,42080,104,5
1,14.7,0.1,0.0,36,24,1,21,42080,104,6
1,14.6,0.0,0.0,39,30,1,22,42080,104,5
1,14.5,0.0,0.0,47,31,1,23,42080,104,0
1,14.4,0.4,0.0,41,15,1,0,42080,104,0
1,14.2,0.0,0.0,35,33,1,1,42080,104,0
1,13.6,0.0,0.0,35,24,1,2,42080,104,0
1,13.4,0.0,0.0,36,12,1,3,42080,104,0
2,13.0,0.0,0.0,35,11,1,4,42080,104,0
2,13.1,0.0,0.0,23,23,1,5,42080,104,0
2,12.6,0.0,0.0,25,16,1,6,42080,104,2
2,12.4,0.0,0.0,24,6,1,7,42080,104,1
2,12.4,0.0,0.0,18,15,1,8,42080,104,18
2,13.2,0.0,0.0,18,6,1,9,42080,104,2
2,14.5,0.0,0.0,23,26,1,10,42080,104,2
2,15.7,0.0,0.0,29,0,1,11,42080,104,4
2,16.7,0.0,0.0,63,35,1,12,42080,104,7
2,18.0,0.0,0.0,49,32,1,13,42080,104,5
2,18.4,0.0,0.0,43,28,1,14,42080,104,5
2,18.3,0.0,0.0,42,0,1,15,42080,104,5
2,17.5,0.0,0.0,81,41,1,16,42080,104,6
2,17.2,0.0,0.0,57,27,1,17,42080,104,6
2,16.8,1.5,0.0,45,28,1,18,42080,104,9
2,16.4,0.0,0.0,42,20,1,19,42080,104,5
2,16.0,0.0,0.0,34,17,1,20,42080,104,0
2,15.9,0.0,0.0,41,11,1,21,42080,104,3
2,15.8,0.0,0.0,40,25,1,22,42080,104,7
2,15.8,0.0,0.0,32,22,1,23,42080,104,2
2,16.1,2.1,0.0,31,13,1,0,42080,104,0
2,16.1,0.0,0.0,30,11,1,1,42080,104,0
2,16.5,0.0,0.0,26,7,1,2,42080,104,0
2,17.0,0.3,0.0,24,11,1,3,42080,104,0
3,17.4,0.0,0.0,24,7,1,4,42080,104,0
3,18.4,0.0,0.0,22,1,1,5,42080,104,0
3,20.1,1.3,0.0,12,3,1,6,42080,104,2
3,21.0,0.0,0.0,10,1,1,7,42080,104,6
3,21.9,0.0,0.0,6,1,1,8,42080,104,8
3,20.9,0.5,0.0,6,1,1,9,42080,104,4
3,20.7,0.0,0.0,10,1,1,10,42080,104,5
3,19.7,0.0,0.0,10,1,1,11,42080,104,4
3,18.9,25.9,0.0,7,5,1,12,42080,104,8
3,18.6,0.0,0.0,4,1,1,13,42080,104,7
3,17.4,0.0,0.0,5,8,1,14,42080,104,3
3,16.4,0.5,0.0,6,0,1,15,42080,104,1
3,15.9,0.0,0.0,11,10,1,16,42080,104,3
3,14.6,0.0,0.0,11,11,1,17,42080,104,4
3,13.3,0.0,0.0,8,5,1,18,42080,104,6
3,12.3,0.0,0.0,11,9,1,19,42080,104,6
3,11.8,0.0,0.0,13,6,1,20,42080,104,4
3,11.6,0.0,0.0,12,1,1,21,42080,104,8
3,11.3,0.0,0.0,12,10,1,22,42080,104,4
3,11.0,0.0,0.0,14,13,1,23,42080,104,0
3,10.8,0.0,0.0,13,11,1,0,42080,104,0
3,10.6,0.0,0.0,12,4,1,1,42080,104,0
3,10.2,0.0,0.0,13,7,1,2,42080,104,0
3,9.2,0.0,0.0,17,8,1,3,42080,104,0
4,8.5,0.0,0.0,17,8,1,4,42080,104,0
4,8.0,0.0,0.0,10,4,1,5,42080,104,0
4,7.5,0.0,0.0,13,4,1,6,42080,104,2
4,7.2,0.0,0.0,16,6,1,7,42080,104,4
4,7.1,0.0,0.0,14,5,1,8,42080,104,8
4,7.0,0.0,0.0,15,3,1,9,42080,104,6
4,6.9,0.0,0.0,18,6,1,10,42080,104,5
4,7.0,0.0,0.0,17,12,1,11,42080,104,1
4,7.0,0.0,0.0,19,10,1,12,42080,104,9
4,7.0,0.0,0.0,20,2,1,13,42080,104,4
4,6.6,0.0,0.0,25,18,1,14,42080,104,4
4,6.5,0.0,0.0,27,11,1,15,42080,104,4
4,6.3,0.0,0.0,22,10,1,16,42080,104,6
4,6.1,0.0,0.0,20,1,1,17,42080,104,11
4,5.9,0.0,0.0,15,1,1,18,42080,104,10
4,5.7,0.0,0.0,22,12,1,19,42080,104,5
4,5.5,0.0,0.0,17,17,1,20,42080,104,6
4,5.3,0.0,0.0,17,5,1,21,42080,104,6
4,4.9,0.0,0.0,20,20,1,22,42080,104,6
4,4.7,0.0,0.0,24,20,1,23,42080,104,0
4,4.6,0.0,0.0,26,20,1,0,42080,104,0
4,4.3,0.0,0.0,25,25,1,1,42080,104,0
4,4.0,0.0,0.0,28,24,1,2,42080,104,0
4,3.1,0.0,0.0,27,21,1,3,42080,104,0
5,2.3,0.0,0.0,29,19,1,4,42080,104,0
5,1.9,0.0,0.0,29,29,1,5,42080,104,0
5,1.4,0.0,0.0,27,21,1,6,42080,104,2
5,1.0,0.0,0.0,28,22,1,7,42080,104,0
5,1.1,0.0,0.0,26,21,1,8,42080,104,6
5,3.6,0.0,0.0,29,26,1,9,42080,104,3
5,6.7,0.0,0.0,26,20,1,10,42080,104,3
5,10.5,0.0,0.0,35,13,1,11,42080,104,4
5,12.6,0.0,0.0,29,8,1,12,42080,104,6
5,13.8,0.0,0.0,20,7,1,13,42080,104,6
5,14.4,0.0,0.0,18,10,1,14,42080,104,3
5,14.2,0.0,0.0,16,9,1,15,42080,104,6
5,14.0,0.0,0.0,19,13,1,16,42080,104,6
5,12.8,0.0,0.0,14,10,1,17,42080,104,6
5,11.1,0.0,0.0,41,10,1,18,42080,104,6
5,10.5,0.0,0.0,13,13,1,19,42080,104,7
5,10.6,0.0,0.0,16,11,1,20,42080,104,2
5,10.3,0.0,0.0,19,2,1,21,42080,104,5
5,10.0,0.0,0.0,21,15,1,22,42080,104,4
5,10.0,0.0,0.0,21,15,1,23,42080,104,6
5,10.0,0.0,0.0,21,14,1,0,42080,104,0
5,9.8,0.0,0.0,22,6,1,1,42080,104,0
5,9.7,0.0,0.0,18,17,1,2,42080,104,0
5,9.2,0.2,0.0,19,21,1,3,42080,104,0
6,8.6,0.0,0.0,18,11,1,4,42080,104,0
6,8.6,0.0,0.0,21,15,1,5,42080,104,0
6,8.5,1.5,0.0,20,14,1,6,42080,104,1
6,8.4,0.0,0.0,18,15,1,7,42080,104,0
6,8.5,0.0,0.0,19,9,1,8,42080,104,0
6,8.9,2.7,0.0,21,8,1,9,42080,104,2
6,8.8,0.0,0.0,16,12,1,10,42080,104,0
6,8.5,0.0,0.0,14,10,1,11,42080,104,3
6,8.6,0.0,0.0,14,9,1,12,42080,104,3
6,8.3,0.0,0.0,15,0,1,13,42080,104,6
6,8.2,0.0,0.0,18,17,1,14,42080,104,6
6,9.0,0.0,0.0,19,15,1,15,42080,104,3
6,8.7,0.0,0.0,24,15,1,16,42080,104,3
6,8.6,0.0,0.0,19,22,1,17,42080,104,3
6,8.3,0.0,0.0,21,10,1,18,42080,104,7
6,8.0,0.0,0.0,24,15,1,19,42080,104,4
6,7.4,0.0,0.0,19,14,1,20,42080,104,0
6,6.5,0.0,0.0,19,20,1,21,42080,104,2
6,5.6,0.0,0.0,17,9,1,22,42080,104,3
6,4.9,0.0,0.0,14,10,1,23,42080,104,0
6,4.3,0.0,0.0,14,6,1,0,42080,104,0
6,3.8,0.0,0.0,19,7,1,1,42080,104,0
6,2.9,0.0,0.0,15,8,1,2,42080,104,0
6,2.4,0.0,0.0,14,5,1,3,42080,104,0
0,2.4,0.0,0.0,12,8,1,4,42080,104,0
0,2.7,0.0,0.0,13,17,1,5,42080,104,0
0,2.5,0.0,0.0,17,10,1,6,42080,104,1
0,2.1,0.0,0.0,19,15,1,7,42080,104,1
0,1.8,0.0,0.0,24,13,1,8,42080,104,8
0,3.1,0.0,0.0,23,11,1,9,42080,104,3
0,3.9,0.0,0.0,25,12,1,10,42080,104,3
0,6.1,0.0,0.0,28,14,1,11,42080,104,2
0,6.8,0.0,0.0,24,10,1,12,42080,104,5
0,7.7,0.0,0.0,22,14,1,13,42080,104,3
0,8.2,0.0,0.0,20,11,1,14,42080,104,6
0,8.4,0.0,0.0,18,10,1,15,42080,104,6
0,7.8,0.0,0.0,16,13,1,16,42080,104,7
0,6.3,0.0,0.0,18,18,1,17,42080,104,8
0,4.9,0.0,0.0,22,20,1,18,42080,104,10
0,4.2,0.0,0.0,24,11,1,19,42080,104,6
0,2.9,0.0,0.0,25,9,1,20,42080,104,6
0,1.9,0.0,0.0,20,7,1,21,42080,104,3
0,1.7,0.0,0.0,21,15,1,22,42080,104,1
0,0.9,0.0,0.0,16,11,1,23,42080,104,3
0,0.8,0.0,0.0,16,14,1,0,42080,104,0
0,1.4,0.0,0.0,20,10,1,1,42080,104,0
0,1.7,0.0,0.0,18,18,1,2,42080,104,0
0,1.5,0.0,0.0,17,17,1,3,42080,104,0
1,1.7,0.0,0.0,21,14,1,4,42080,104,0
1,1.8,0.0,0.0,22,22,1,5,42080,104,0
1,1.9,0.0,0.0,22,18,1,6,42080,104,0
1,1.8,0.0,0.0,18,19,1,7,42080,104,4
1,2.2,0.0,0.0,21,14,1,8,42080,104,12
1,3.0,0.0,0.0,23,16,1,9,42080,104,5
1,4.6,0.0,0.0,28,23,1,10,42080,104,10
1,7.8,0.0,0.0,27,8,1,11,42080,104,8
1,8.2,0.0,0.0,19,10,1,12,42080,104,6
1,9.0,0.0,0.0,26,13,1,13,42080,104,8
1,10.2,0.0,0.0,17,8,1,14,42080,104,6
1,9.6,0.0,0.0,8,1,1,15,42080,104,6
1,9.4,0.0,0.0,8,3,1,16,42080,104,10
1,8.3,0.0,0.0,8,4,1,17,42080,104,10
1,6.9,0.0,0.0,12,9,1,18,42080,104,9
1,5.1,0.0,0.0,13,20,1,19,42080,104,4
1,4.8,0.0,0.0,21,10,1,20,42080,104,3
1,3.8,0.0,0.0,25,5,1,21,42080,104,6
1,3.4,0.0,0.0,31,22,1,22,42080,104,8
1,3.1,0.0,0.0,28,20,1,23,42080,104,0
1,2.9,0.0,0.0,30,16,1,0,42080,104,0
1,2.3,0.0,0.0,26,21,1,1,42080,104,0
1,1.7,0.0,0.0,25,21,1,2,42080,104,0
1,1.4,0.0,0.0,28,19,1,3,42080,104,0
2,0.7,0.0,0.0,27,14,1,4,42080,104,0
2,0.2,0.0,0.0,24,5,1,5,42080,104,0
2,-0.2,0.0,0.0,23,11,1,6,42080,104,1
2,-0.6,0.0,0.0,22,21,1,7,42080,104,3
2,-0.4,0.0,0.0,27,18,1,8,42080,104,11
2,2.5,0.0,0.0,26,28,1,9,42080,104,6
2,5.3,0.0,0.0,42,28,1,10,42080,104,4
2,8.3,0.0,0.0,48,13,1,11,42080,104,1
2,9.3,0.0,0.0,38,8,1,12,42080,104,6
2,11.1,0.0,0.0,28,11,1,13,42080,104,5
2,11.3,0.0,0.0,31,11,1,14,42080,104,4
2,11.9,0.0,0.0,24,14,1,15,42080,104,5
2,11.1,0.0,0.0,25,12,1,16,42080,104,5
2,9.6,0.0,0.0,29,12,1,17,42080,104,6
2,7.9,0.0,0.0,25,7,1,18,42080,104,12
2,6.8,0.0,0.0,26,14,1,19,42080,104,5
2,6.2,0.0,0.0,35,22,1,20,42080,104,2
2,5.8,0.0,0.0,35,28,1,21,42080,104,5
2,4.8,0.0,0.0,40,25,1,22,42080,104,9
2,4.2,0.0,0.0,35,19,1,23,42080,104,0
2,3.5,0.0,0.0,35,17,1,0,42080,104,0
2,3.6,0.0,0.0,34,20,1,1,42080,104,0
2,3.8,0.0,0.0,35,24,1,2,42080,104,0
2,3.4,0.0,0.0,40,21,1,3,42080,104,0
3,3.2,0.0,0.0,39,18,1,4,42080,104,0
3,2.9,0.0,0.0,32,11,1,5,42080,104,0
3,3.1,0.0,0.0,36,25,1,6,42080,104,0
3,3.2,0.0,0.0,36,21,1,7,42080,104,2
3,3.1,0.0,0.0,37,19,1,8,42080,104,14
3,4.2,0.0,0.0,36,29,1,9,42080,104,5
3,6.2,0.0,0.0,61,34,1,10,42080,104,3
3,8.3,0.0,0.0,56,27,1,11,42080,104,2
3,10.2,0.0,0.0,61,17,1,12,42080,104,5
3,11.3,0.0,0.0,59,21,1,13,42080,104,6
3,12.2,0.0,0.0,48,15,1,14,42080,104,2
3,12.5,0.0,0.0,39,11,1,15,42080,104,5
3,12.1,0.0,0.0,38,15,1,16,42080,104,6
3,10.2,0.0,0.0,39,22,1,17,42080,104,9
3,8.7,0.0,0.0,33,22,1,18,42080,104,7
3,7.7,0.0,0.0,33,18,1,19,42080,104,5
3,7.3,0.0,0.0,46,36,1,20,42080,104,2
3,6.9,0.0,0.0,62,45,1,21,42080,104,7
3,6.5,0.0,0.0,69,40,1,22,42080,104,2
3,6.2,0.0,0.0,72,34,1,23,42080,104,9
3,6.0,0.0,0.0,73,29,1,0,42080,104,0
3,6.0,0.0,0.0,71,48,1,1,42080,104,0
3,5.7,0.0,0.0,64,34,1,2,42080,104,0
3,5.6,0.0,0.0,62,33,1,3,42080,104,0
4,5.2,0.0,0.0,65,30,1,4,42080,104,0
4,5.1,0.0,0.0,61,43,1,5,42080,104,0
4,5.3,0.0,0.0,67,39,1,6,42080,104,1
4,5.7,0.0,0.0,62,31,1,7,42080,104,4
4,5.8,0.0,0.0,59,18,1,8,42080,104,12
4,6.4,0.0,0.0,49,13,1,9,42080,104,5
4,7.3,0.0,0.0,50,22,1,10,42080,104,2
4,8.4,0.0,0.0,44,3,1,11,42080,104,6
4,9.0,0.0,0.0,23,6,1,12,42080,104,5
4,8.8,0.0,0.0,19,23,1,13,42080,104,10
4,8.4,0.0,0.0,24,9,1,14,42080,104,7
4,8.4,0.0,0.0,21,15,1,15,42080,104,6
4,7.6,0.0,0.0,26,14,1,16,42080,104,4
4,6.7,0.0,0.0,23,15,1,17,42080,104,13
4,5.5,0.0,0.0,20,8,1,18,42080,104,6
4,4.7,0.0,0.0,22,15,1,19,42080,104,6
4,4.7,0.0,0.0,19,8,1,20,42080,104,4
4,4.1,0.0,0.0,24,15,1,21,42080,104,6
4,3.5,0.0,0.0,26,11,1,22,42080,104,3
4,3.4,0.0,0.0,24,18,1,23,42080,104,0
4,2.9,0.0,0.0,23,12,1,0,42080,104,0
4,2.3,0.0,0.0,22,13,1,1,42080,104,0
4,1.8,0.0,0.0,25,17,1,2,42080,104,0
4,1.6,0.0,0.0,26,7,1,3,42080,104,0
5,1.8,0.0,0.0,22,17,1,4,42080,104,0
5,2.0,0.0,0.0,26,21,1,5,42080,104,0
5,2.0,0.0,0.0,23,17,1,6,42080,104,1
5,1.6,0.0,0.0,24,12,1,7,42080,104,2
5,0.8,0.0,0.0,29,15,1,8,42080,104,5
5,2.2,0.0,0.0,26,14,1,9,42080,104,5
5,3.1,0.0,0.0,36,16,1,10,42080,104,2
5,3.6,0.0,0.0,30,6,1,11,42080,104,2
5,4.8,0.0,0.0,27,1,1,12,42080,104,4
5,5.8,0.0,0.0,14,1,1,13,42080,104,4
5,6.2,0.0,0.0,12,1,1,14,42080,104,6
5,5.7,0.0,0.0,11,1,1,15,42080,104,3
5,4.9,0.0,0.0,8,1,1,16,42080,104,0
5,3.4,0.0,0.0,8,1,1,17,42080,104,4
5,2.5,0.0,0.0,8,1,1,18,42080,104,4
5,2.2,0.0,0.0,7,9,1,19,42080,104,3
5,2.5,0.0,0.0,8,2,1,20,42080,104,2
5,2.5,0.0,0.0,9,1,1,21,42080,104,3
5,2.5,0.0,0.0,10,11,1,22,42080,104,4
5,2.0,0.0,0.0,13,8,1,23,42080,104,2
5,1.5,0.0,0.0,17,10,1,0,42080,104,0
5,1.1,0.0,0.0,17,9,1,1,42080,104,0
5,0.9,0.0,0.0,15,7,1,2,42080,104,0
5,0.5,0.0,0.0,17,11,1,3,42080,104,0
6,0.1,0.0,0.0,15,6,1,4,42080,104,0
6,-0.2,0.0,0.0,19,15,1,5,42080,104,0
6,-0.1,0.0,0.0,12,8,1,6,42080,104,0
6,0.2,0.0,0.0,15,6,1,7,42080,104,2
6,0.5,0.0,0.0,19,8,1,8,42080,104,4
6,1.1,0.0,0.0,18,18,1,9,42080,104,3
6,2.1,0.0,0.0,18,8,1,10,42080,104,7
6,3.9,0.0,0.0,20,1,1,11,42080,104,7
6,4.0,0.0,0.0,20,1,1,12,42080,104,8
6,4.3,0.0,0.0,15,1,1,13,42080,104,4
6,4.9,0.0,0.0,18,10,1,14,42080,104,5
6,4.8,0.0,0.0,21,8,1,15,42080,104,8
6,4.5,0.0,0.0,23,1,1,16,42080,104,5
6,3.9,0.0,0.0,16,14,1,17,42080,104,5
6,2.8,0.0,0.0,19,14,1,18,42080,104,3
6,2.7,0.0,0.0,20,17,1,19,42080,104,5
6,2.2,0.0,0.0,21,13,1,20,42080,104,2
6,2.2,0.0,0.0,20,12,1,21,42080,104,5
6,1.5,0.0,0.0,19,9,1,22,42080,104,3
6,0.6,0.0,0.0,20,10,1,23,42080,104,0
6,0.3,0.0,0.0,20,11,1,0,42080,104,0
6,-0.4,0.0,0.0,16,8,1,1,42080,104,0
6,-0.6,0.0,0.0,17,11,1,2,42080,104,0
6,-1.1,0.0,0.0,16,8,1,3,42080,104,0
0,-1.6,0.0,0.0,17,6,1,4,42080,104,0
0,-2.0,0.0,0.0,15,10,1,5,42080,104,0
0,-2.2,0.0,0.0,15,14,1,6,42080,104,1
0,-2.7,0.0,0.0,14,7,1,7,42080,104,6
0,-2.4,0.0,0.0,23,7,1,8,42080,104,9
0,-0.7,0.0,0.0,18,6,1,9,42080,104,8
0,2.9,0.0,0.0,31,14,1,10,42080,104,4
0,3.8,0.0,0.0,29,13,1,11,42080,104,4
0,5.1,0.0,0.0,31,5,1,12,42080,104,6
0,6.0,0.0,0.0,20,4,1,13,42080,104,6
0,6.8,0.0,0.0,19,5,1,14,42080,104,0
0,6.4,0.0,0.0,18,14,1,15,42080,104,4
0,5.6,0.0,0.0,22,16,1,16,42080,104,9
0,4.0,0.0,0.0,26,21,1,17,42080,104,6
0,2.8,0.0,0.0,35,14,1,18,42080,104,12
0,1.5,0.0,0.0,35,21,1,19,42080,104,5
0,0.8,0.0,0.0,29,18,1,20,42080,104,2
0,0.6,0.0,0.0,33,15,1,21,42080,104,3
0,-0.4,0.0,0.0,33,11,1,22,42080,104,5
0,-0.6,0.0,0.0,28,19,1,23,42080,104,0
0,-1.2,0.0,0.0,25,15,1,0,42080,104,0
0,-1.8,0.0,0.0,24,15,1,1,42080,104,0
0,-2.3,0.0,0.0,27,19,1,2,42080,104,0
0,-2.2,0.0,0.0,26,9,1,3,42080,104,0
1,-2.9,0.0,0.0,24,17,1,4,42080,104,0
1,-3.1,0.0,0.0,19,12,1,5,42080,104,0
1,-3.3,0.0,0.0,25,13,1,6,42080,104,1
1,-3.4,0.0,0.0,28,13,1,7,42080,104,4
1,-3.4,0.0,0.0,27,8,1,8,42080,104,5
1,-1.4,0.0,0.0,0,0,1,9,42080,104,4
1,1.1,0.0,0.0,0,0,1,10,42080,104,4
1,3.1,0.0,0.0,54,26,1,11,42080,104,4
1,5.0,0.0,0.0,47,7,1,12,42080,104,4
1,5.8,0.0,0.0,30,8,1,13,42080,104,6
1,6.5,0.0,0.0,25,15,1,14,42080,104,2
1,6.8,0.0,0.0,32,1,1,15,42080,104,7
1,6.7,0.0,0.0,24,13,1,16,42080,104,6
1,5.4,0.0,0.0,23,26,1,17,42080,104,6
1,4.3,0.0,0.0,30,27,1,18,42080,104,9
1,3.2,0.0,0.0,37,16,1,19,42080,104,4
1,1.9,0.0,0.0,29,19,1,20,42080,104,3
1,2.0,0.0,0.0,42,17,1,21,42080,104,6
1,1.7,0.0,0.0,34,17,1,22,42080,104,7
1,1.4,0.0,0.0,34,15,1,23,42080,104,3
1,0.9,0.0,0.0,39,18,1,0,42080,104,0
1,0.5,0.0,0.0,37,12,1,1,42080,104,0
1,0.8,0.0,0.0,36,16,1,2,42080,104,0
1,0.4,0.0,0.0,36,18,1,3,42080,104,0
2,0.5,0.0,0.0,34,16,1,4,42080,104,0
2,0.2,0.0,0.0,33,12,1,5,42080,104,0
2,0.2,0.0,0.0,28,11,1,6,42080,104,1
2,-0.1,0.0,0.0,30,14,1,7,42080,104,4
2,0.2,0.0,0.0,33,13,1,8,42080,104,6
2,1.4,0.0,0.0,37,9,1,9,42080,104,5
2,2.8,0.0,0.0,42,27,1,10,42080,104,2
2,4.8,0.0,0.0,43,21,1,11,42080,104,5
2,6.7,0.0,0.0,38,9,1,12,42080,104,5
2,8.2,0.0,0.0,32,9,1,13,42080,104,3
2,9.0,0.0,0.0,28,1,1,14,42080,104,6
2,8.7,0.0,0.0,21,2,1,15,42080,104,6
2,8.4,0.0,0.0,23,1,1,16,42080,104,4
2,6.6,0.0,0.0,19,1,1,17,42080,104,5
2,5.6,0.0,0.0,23,1,1,18,42080,104,10
2,4.5,0.0,0.0,21,8,1,19,42080,104,6
2,3.7,0.0,0.0,22,7,1,20,42080,104,5
2,2.9,0.0,0.0,25,10,1,21,42080,104,5
2,1.9,0.0,0.0,31,18,1,22,42080,104,7
2,1.4,0.0,0.0,29,9,1,23,42080,104,0
2,1.3,0.0,0.0,21,1,1,0,42080,104,0
2,0.7,0.0,0.0,18,9,1,1,42080,104,0
2,0.3,0.0,0.0,24,15,1,2,42080,104,0
2,-0.3,0.0,0.0,26,7,1,3,42080,104,0
3,-0.7,0.0,0.0,24,11,1,4,42080,104,0
3,-1.2,0.0,0.0,23,2,1,5,42080,104,0
3,-1.4,0.0,0.0,22,14,1,6,42080,104,0
3,-0.9,0.0,0.0,27,8,1,7,42080,104,2
3,-0.6,0.0,0.0,23,16,1,8,42080,104,7
3,0.3,0.0,0.0,33,15,1,9,42080,104,8
3,3.5,0.0,0.0,41,17,1,10,42080,104,5
3,4.3,0.0,0.0,32,10,1,11,42080,104,3
3,5.4,0.0,0.0,29,4,1,12,42080,104,15
3,7.0,0.0,0.0,31,7,1,13,42080,104,5
3,6.6,0.0,0.0,28,4,1,14,42080,104,7
3,6.6,0.0,0.0,28,8,1,15,42080,104,4
3,6.3,0.0,0.0,25,3,1,16,42080,104,9
3,4.3,0.0,0.0,17,3,1,17,42080,104,9
3,2.7,0.0,0.0,16,1,1,18,42080,104,11
3,1.6,0.0,0.0,16,6,1,19,42080,104,4
3,1.1,0.0,0.0,14,9,1,20,42080,104,3
3,0.5,0.0,0.0,18,9,1,21,42080,104,6
3,-0.4,0.0,0.0,22,5,1,22,42080,104,7
3,-0.8,0.0,0.0,21,2,1,23,42080,104,0
3,-1.5,0.0,0.0,17,10,1,0,42080,104,0
3,-1.6,0.0,0.0,18,1,1,1,42080,104,0
3,-1.9,0.0,0.0,21,9,1,2,42080,104,0
3,-2.5,0.0,0.0,21,11,1,3,42080,104,0
4,-2.6,0.0,0.0,20,14,1,4,42080,104,0
4,-3.2,0.0,0.0,21,6,1,5,42080,104,0
4,-3.3,0.0,0.0,12,7,1,6,42080,104,1
4,-3.7,0.0,0.0,12,8,1,7,42080,104,2
4,-3.9,0.0,0.0,15,7,1,8,42080,104,11
4,-2.2,0.0,0.0,18,8,1,9,42080,104,4
4,0.8,0.0,0.0,27,23,1,10,42080,104,3
4,2.4,0.0,0.0,38,10,1,11,42080,104,4
4,3.8,0.0,0.0,32,12,1,12,42080,104,9
4,5.0,0.0,0.0,37,8,1,13,42080,104,5
4,5.5,0.0,0.0,23,9,1,14,42080,104,4
4,6.2,0.0,0.0,25,7,1,15,42080,104,10
4,6.1,0.0,0.0,28,6,1,16,42080,104,6
4,4.2,0.0,0.0,22,9,1,17,42080,104,5
4,2.5,0.0,0.0,27,19,1,18,42080,104,7
4,1.6,0.0,0.0,0,7,1,19,42080,104,2
4,1.1,0.0,0.0,30,21,1,20,42080,104,4
4,0.2,0.0,0.0,28,17,1,21,42080,104,5
4,-0.6,0.0,0.0,34,8,1,22,42080,104,7
4,-1.2,0.0,0.0,34,8,1,23,42080,104,0
4,-1.6,0.0,0.0,27,19,1,0,42080,104,0
4,-2.0,0.0,0.0,30,13,1,1,42080,104,0
4,-2.4,0.0,0.0,26,14,1,2,42080,104,0
4,-2.6,0.0,0.0,24,16,1,3,42080,104,0
5,-2.5,0.0,0.0,25,9,1,4,42080,104,0
5,-2.3,0.0,0.0,26,11,1,5,42080,104,0
5,-2.6,0.0,0.0,32,12,1,6,42080,104,1
5,-2.9,0.0,0.0,31,12,1,7,42080,104,0
5,-2.5,0.0,0.0,29,20,1,8,42080,104,3
5,-1.5,0.0,0.0,34,11,1,9,42080,104,5
5,0.5,0.0,0.0,38,28,1,10,42080,104,1
5,2.7,0.0,0.0,48,23,1,11,42080,104,4
5,4.9,0.0,0.0,55,16,1,12,42080,104,4
5,6.5,0.0,0.0,50,10,1,13,42080,104,7
5,7.4,0.0,0.0,42,5,1,14,42080,104,4
5,5.9,0.0,0.0,38,10,1,15,42080,104,2
5,5.5,0.0,0.0,33,6,1,16,42080,104,9
5,5.1,0.0,0.0,29,9,1,17,42080,104,6
5,3.8,0.0,0.0,29,11,1,18,42080,104,7
5,2.8,0.0,0.0,33,8,1,19,42080,104,4
5,1.8,0.0,0.0,30,12,1,20,42080,104,2
5,1.5,0.0,0.0,27,7,1,21,42080,104,3
5,0.7,0.0,0.0,33,16,1,22,42080,104,3
5,0.7,0.0,0.0,29,14,1,23,42080,104,0
5,0.6,0.0,0.0,27,7,1,0,42080,104,0
5,0.3,0.0,0.0,31,21,1,1,42080,104,0
5,-0.5,0.0,0.0,30,16,1,2,42080,104,0
5,-0.7,0.0,0.0,31,17,1,3,42080,104,0
6,-1.0,0.0,0.0,31,5,1,4,42080,104,0
6,-1.1,0.0,0.0,26,12,1,5,42080,104,0
6,-1.4,0.0,0.0,31,7,1,6,42080,104,2
6,-1.6,0.0,0.0,29,13,1,7,42080,104,0
6,-1.2,0.0,0.0,31,12,1,8,42080,104,2
6,-0.1,0.0,0.0,36,11,1,9,42080,104,5
6,2.9,0.0,0.0,38,31,1,10,42080,104,3
6,4.9,0.0,0.0,48,20,1,11,42080,104,4
6,7.8,0.0,0.0,54,15,1,12,42080,104,2
6,8.4,0.0,0.0,50,6,1,13,42080,104,3
6,9.5,0.0,0.0,39,4,1,14,42080,104,3
6,9.4,0.0,0.0,39,3,1,15,42080,104,1
6,9.4,0.0,0.0,36,10,1,16,42080,104,5
6,8.4,0.0,0.0,44,11,1,17,42080,104,3
6,6.8,0.0,0.0,40,23,1,18,42080,104,7
6,5.3,0.0,0.0,45,29,1,19,42080,104,3
6,4.3,0.0,0.0,49,17,1,20,42080,104,3
6,3.5,0.0,0.0,45,18,1,21,42080,104,3
6,2.6,0.0,0.0,46,22,1,22,42080,104,2
6,1.7,0.0,0.0,42,26,1,23,42080,104,2
6,1.3,0.0,0.0,50,25,1,0,42080,104,0
6,0.8,0.0,0.0,50,24,1,1,42080,104,0
6,0.4,0.0,0.0,37,23,1,2,42080,104,0
6,0.6,0.0,0.0,47,19,1,3,42080,104,0
0,0.5,0.0,0.0,38,19,1,4,42080,104,0
0,0.4,0.0,0.0,39,19,1,5,42080,104,0
0,0.0,0.0,0.0,43,16,1,6,42080,104,0
0,-0.1,0.0,0.0,43,13,1,7,42080,104,3
0,0.5,0.0,0.0,37,18,1,8,42080,104,11
0,1.2,0.0,0.0,40,30,1,9,42080,104,4
0,2.8,0.0,0.0,47,27,1,10,42080,104,3
0,4.8,0.0,0.0,63,24,1,11,42080,104,2
0,5.8,0.0,0.0,65,16,1,12,42080,104,5
0,6.1,0.0,0.0,70,27,1,13,42080,104,6
0,6.9,0.0,0.0,65,31,1,14,42080,104,7
0,7.3,0.0,0.0,63,26,1,15,42080,104,4
0,7.1,0.0,0.0,71,38,1,16,42080,104,4
0,6.1,0.0,0.0,75,54,1,17,42080,104,6
0,5.2,0.0,0.0,79,39,1,18,42080,104,7
0,4.5,0.0,0.0,74,35,1,19,42080,104,5
0,3.4,0.0,0.0,76,23,1,20,42080,104,3
0,2.4,0.0,0.0,60,19,1,21,42080,104,3
0,2.6,0.0,0.0,54,13,1,22,42080,104,4
0,1.3,0.0,0.0,43,14,1,23,42080,104,0
0,0.2,0.0,0.0,41,10,1,0,42080,104,0
0,-0.3,0.0,0.0,43,15,1,1,42080,104,0
0,-0.9,0.0,0.0,33,16,1,2,42080,104,0
0,-0.8,0.0,0.0,38,18,1,3,42080,104,0
1,-1.5,0.0,0.0,36,20,1,4,42080,104,0
1,-2.0,0.0,0.0,35,14,1,5,42080,104,0
1,-2.0,0.0,0.0,29,21,1,6,42080,104,0
1,-2.5,0.0,0.0,34,10,1,7,42080,104,3
1,-2.6,0.0,0.0,33,19,1,8,42080,104,14
1,-0.8,0.0,0.0,34,31,1,9,42080,104,7
1,1.6,0.0,0.0,35,11,1,10,42080,104,10
1,2.7,0.0,0.0,25,2,1,11,42080,104,1
1,3.6,0.0,0.0,14,8,1,12,42080,104,4
1,5.4,0.0,0.0,20,5,1,13,42080,104,7
1,5.4,0.0,0.0,19,7,1,14,42080,104,6
1,5.8,0.0,0.0,27,8,1,15,42080,104,7
1,5.5,0.0,0.0,28,9,1,16,42080,104,5
1,3.6,0.0,0.0,26,8,1,17,42080,104,9
1,2.1,0.0,0.0,29,20,1,18,42080,104,8
1,1.2,0.0,0.0,36,20,1,19,42080,104,5
1,0.2,0.0,0.0,30,7,1,20,42080,104,3
1,-0.7,0.0,0.0,28,11,1,21,42080,104,2
1,-0.8,0.0,0.0,21,11,1,22,42080,104,4
1,-1.7,0.0,0.0,28,10,1,23,42080,104,0
1,-2.3,0.0,0.0,25,1,1,0,42080,104,0
1,-2.9,0.0,0.0,27,3,1,1,42080,104,0
1,-3.3,0.0,0.0,23,14,1,2,42080,104,0
1,-4.0,0.0,0.0,24,14,1,3,42080,104,0
2,-3.9,0.0,0.0,25,10,1,4,42080,104,0
2,-4.5,0.0,0.0,22,10,1,5,42080,104,0
2,-4.9,0.0,0.0,22,16,1,6,42080,104,1
2,-4.9,0.0,0.0,19,16,1,7,42080,104,1
2,-4.7,0.0,0.0,24,8,1,8,42080,104,13
2,-3.0,0.0,0.0,30,7,1,9,42080,104,4
2,0.3,0.0,0.0,31,35,1,10,42080,104,6
2,2.6,0.0,0.0,55,21,1,11,42080,104,2
2,4.8,0.0,0.0,56,10,1,12,42080,104,6
2,5.9,0.0,0.0,49,11,1,13,42080,104,8
2,7.3,0.0,0.0,28,1,1,14,42080,104,7
2,7.2,0.0,0.0,25,8,1,15,42080,104,9
2,6.6,0.0,0.0,31,8,1,16,42080,104,6
2,5.8,0.0,0.0,27,24,1,17,42080,104,3
2,4.7,0.0,0.0,29,12,1,18,42080,104,5
2,3.6,0.0,0.0,33,10,1,19,42080,104,9
2,3.7,0.0,0.0,32,19,1,20,42080,104,3
2,3.6,0.0,0.0,40,15,1,21,42080,104,7
2,3.5,0.0,0.0,38,24,1,22,42080,104,4
2,3.3,0.0,0.0,43,15,1,23,42080,104,1
2,3.5,0.0,0.0,40,14,1,0,42080,104,0
2,3.3,0.0,0.0,43,18,1,1,42080,104,0
2,3.1,0.0,0.0,40,27,1,2,42080,104,0
2,3.0,0.0,0.0,49,26,1,3,42080,104,0
3,2.8,0.0,0.0,41,16,1,4,42080,104,0
3,2.9,0.0,0.0,38,22,1,5,42080,104,0
3,2.7,0.0,0.0,36,18,1,6,42080,104,0
3,2.8,0.0,0.0,41,14,1,7,42080,104,1
3,3.2,0.0,0.0,43,19,1,8,42080,104,6
3,3.7,0.0,0.0,42,34,1,9,42080,104,0
3,4.6,0.0,0.0,46,39,1,10,42080,104,1
3,6.1,0.0,0.0,53,11,1,11,42080,104,4
3,8.3,0.0,0.0,64,23,1,12,42080,104,3
3,10.9,0.0,0.0,62,13,1,13,42080,104,6
3,11.2,0.0,0.0,45,2,1,14,42080,104,3
3,10.5,0.0,0.0,35,7,1,15,42080,104,9
3,10.0,0.0,0.0,31,8,1,16,42080,104,4
3,9.4,0.0,0.0,34,25,1,17,42080,104,3
3,8.9,0.0,0.0,36,22,1,18,42080,104,5
3,8.5,0.0,0.0,36,20,1,19,42080,104,6
3,7.6,0.0,0.0,37,24,1,20,42080,104,7
3,7.0,0.0,0.0,37,14,1,21,42080,104,4
3,5.9,0.0,0.0,38,25,1,22,42080,104,5
3,5.3,0.0,0.0,42,21,1,23,42080,104,1
3,4.4,0.0,0.0,47,25,1,0,42080,104,0
3,4.1,0.0,0.0,43,25,1,1,42080,104,0
3,3.9,0.0,0.0,45,35,1,2,42080,104,0
3,4.1,0.0,0.0,47,30,1,3,42080,104,0
4,4.4,0.0,0.0,49,27,1,4,42080,104,0
4,4.7,0.0,0.0,48,28,1,5,42080,104,0
4,4.8,0.0,0.0,48,34,1,6,42080,104,1
4,4.7,0.0,0.0,62,24,1,7,42080,104,0
4,4.4,0.0,0.0,62,26,1,8,42080,104,8
4,5.0,0.0,0.0,55,39,1,9,42080,104,2
4,6.2,0.0,0.0,64,39,1,10,42080,104,3
4,7.8,0.0,0.0,77,37,1,11,42080,104,4
4,9.3,0.0,0.0,85,37,1,12,42080,104,7
4,11.1,0.0,0.0,90,32,1,13,42080,104,7
4,10.5,0.0,0.0,82,28,1,14,42080,104,7
4,10.8,0.0,0.0,79,27,1,15,42080,104,9
4,10.3,0.0,0.0,62,29,1,16,42080,104,9
4,9.4,0.0,0.0,53,44,1,17,42080,104,9
4,8.5,0.0,0.0,58,40,1,18,42080,104,10
4,7.7,0.0,0.0,69,37,1,19,42080,104,2
4,6.6,0.0,0.0,69,36,1,20,42080,104,7
4,6.3,0.0,0.0,73,33,1,21,42080,104,5
4,5.8,0.0,0.0,71,35,1,22,42080,104,3
4,5.6,0.0,0.0,73,36,1,23,42080,104,0
4,5.5,0.0,0.0,66,32,1,0,42080,104,0
4,5.4,0.0,0.0,78,38,1,1,42080,104,0
4,5.3,0.0,0.0,79,44,1,2,42080,104,0
4,5.8,0.0,0.0,71,43,1,3,42080,104,0
5,5.7,0.0,0.0,77,35,1,4,42080,104,0
5,4.8,0.0,0.0,84,29,1,5,42080,104,0
5,3.7,0.0,0.0,71,10,1,6,42080,104,0
5,2.6,0.0,0.0,53,3,1,7,42080,104,0
5,1.5,0.0,0.0,45,6,1,8,42080,104,4
5,2.6,0.0,0.0,36,20,1,9,42080,104,5
5,5.2,0.0,0.0,41,22,1,10,42080,104,7
5,6.3,0.0,0.0,53,25,1,11,42080,104,6
5,7.4,0.0,0.0,53,15,1,12,42080,104,4
5,8.3,0.0,0.0,50,17,1,13,42080,104,8
5,8.6,0.0,0.0,44,18,1,14,42080,104,2
5,8.3,0.0,0.0,42,16,1,15,42080,104,1
5,8.1,0.0,0.0,46,15,1,16,42080,104,4
5,6.1,0.0,0.0,52,25,1,17,42080,104,3
5,4.3,0.0,0.0,46,18,1,18,42080,104,2
5,3.1,0.0,0.0,35,11,1,19,42080,104,1
5,2.1,0.0,0.0,35,14,1,20,42080,104,4
5,2.0,0.0,0.0,35,10,1,21,42080,104,6
5,1.4,0.0,0.0,33,12,1,22,42080,104,6
5,0.3,0.0,0.0,33,16,1,23,42080,104,0
5,-0.4,0.0,0.0,32,11,1,0,42080,104,0
5,-1.0,0.0,0.0,34,18,1,1,42080,104,0
5,-1.2,0.0,0.0,30,19,1,2,42080,104,0
5,-1.4,0.0,0.0,33,12,1,3,42080,104,0
6,-1.3,0.0,0.0,35,21,1,4,42080,104,0
6,-1.2,0.0,0.0,29,19,1,5,42080,104,0
6,-1.0,0.0,0.0,33,21,1,6,42080,104,0
6,-0.4,0.0,0.0,41,23,1,7,42080,104,0
6,0.4,0.0,0.0,35,13,1,8,42080,104,1
6,0.7,0.1,0.0,36,25,1,9,42080,104,5
6,1.2,0.0,0.0,41,28,1,10,42080,104,3
6,2.7,0.0,0.0,47,25,1,11,42080,104,3
6,4.7,0.1,0.0,59,16,1,12,42080,104,4
6,5.2,0.0,0.0,49,18,1,13,42080,104,3
6,6.0,0.0,0.0,49,5,1,14,42080,104,4
6,6.8,1.4,0.0,27,26,1,15,42080,104,0
6,4.5,0.0,0.0,69,39,1,16,42080,104,2
6,2.9,0.0,0.0,65,31,1,17,42080,104,4
6,1.8,0.0,0.0,41,18,1,18,42080,104,2
6,1.3,0.0,0.0,25,11,1,19,42080,104,5
6,0.3,0.0,0.0,27,13,1,20,42080,104,0
6,-0.6,0.0,0.0,25,7,1,21,42080,104,2
6,-1.3,0.0,0.0,14,1,1,22,42080,104,3
6,-2.3,0.0,0.0,23,4,1,23,42080,104,0
6,-2.6,0.0,0.0,18,1,1,0,42080,104,0
6,-2.5,0.0,0.0,18,2,1,1,42080,104,0
6,-3.1,0.0,0.0,17,12,1,2,42080,104,0
6,-3.5,0.0,0.0,21,8,1,3,42080,104,0
0,-3.9,0.0,0.0,22,11,1,4,42080,104,0
0,-4.1,0.0,0.0,27,3,1,5,42080,104,0
0,-4.7,0.0,0.0,32,7,1,6,42080,104,1
0,-5.7,0.0,0.0,27,6,1,7,42080,104,5
0,-6.3,0.0,0.0,24,8,1,8,42080,104,9
0,-5.5,0.0,0.0,24,14,1,9,42080,104,7
0,-4.2,0.0,0.0,27,7,1,10,42080,104,4
0,-3.2,0.0,0.0,28,5,1,11,42080,104,3
0,-2.3,0.0,0.0,26,2,1,12,42080,104,5
0,-1.5,0.0,0.0,22,1,1,13,42080,104,4
0,-1.8,0.0,0.0,17,1,1,14,42080,104,10
0,-1.8,0.0,0.0,14,1,1,15,42080,104,6
0,-2.6,0.0,0.0,12,1,1,16,42080,104,3
0,-4.0,0.0,0.0,16,1,1,17,42080,104,4
0,-5.0,0.0,0.0,13,6,1,18,42080,104,7
0,-5.8,0.0,0.0,16,11,1,19,42080,104,3
0,-6.7,0.0,0.0,19,8,1,20,42080,104,4
0,-7.0,0.0,0.0,17,9,1,21,42080,104,4
0,-7.7,0.0,0.0,17,5,1,22,42080,104,0
0,-7.6,0.0,0.0,16,4,1,23,42080,104,0
0,-7.6,0.0,0.0,18,9,1,0,42080,104,0
0,-7.3,0.0,0.0,19,12,1,1,42080,104,0
0,-7.7,0.0,0.0,18,7,1,2,42080,104,0
0,-8.2,0.0,0.0,19,9,1,3,42080,104,0
1,-8.5,0.0,0.0,21,5,1,4,42080,104,0
1,-8.7,0.0,0.0,17,9,1,5,42080,104,0
1,-9.1,0.0,0.0,23,3,1,6,42080,104,1
1,-10.0,0.0,0.0,14,9,1,7,42080,104,0
1,-10.7,0.0,0.0,19,3,1,8,42080,104,13
1,-8.0,0.0,0.0,20,3,1,9,42080,104,5
1,-6.0,0.0,0.0,22,11,1,10,42080,104,1
1,-4.7,0.0,0.0,31,1,1,11,42080,104,5
1,-3.8,0.0,0.0,34,18,1,12,42080,104,3
1,-2.4,0.0,0.0,27,1,1,13,42080,104,3
1,-1.7,0.0,0.0,23,1,1,14,42080,104,7
1,-1.2,0.0,0.0,17,1,1,15,42080,104,3
1,-1.5,0.0,0.0,23,5,1,16,42080,104,5
1,-3.0,0.0,0.0,20,16,1,17,42080,104,4
1,-4.1,0.0,0.0,16,8,1,18,42080,104,6
1,-5.1,0.0,0.0,17,8,1,19,42080,104,3
1,-5.6,0.0,0.0,16,7,1,20,42080,104,5
1,-5.4,0.0,0.0,24,10,1,21,42080,104,3
1,-5.9,0.0,0.0,24,13,1,22,42080,104,5
1,-6.7,0.0,0.0,19,2,1,23,42080,104,0
1,-7.2,0.0,0.0,19,6,1,0,42080,104,0
1,-7.4,0.0,0.0,23,2,1,1,42080,104,0
1,-8.1,0.0,0.0,19,10,1,2,42080,104,0
1,-8.2,0.0,0.0,25,10,1,3,42080,104,0
2,-8.6,0.0,0.0,24,9,1,4,42080,104,0
2,-8.8,0.0,0.0,15,5,1,5,42080,104,0
2,-9.2,0.0,0.0,20,5,1,6,42080,104,1
2,-9.9,0.0,0.0,22,9,1,7,42080,104,0
2,-10.2,0.0,0.0,16,7,1,8,42080,104,6
2,-7.8,0.0,0.0,20,9,1,9,42080,104,6
2,-6.0,0.0,0.0,22,8,1,10,42080,104,3
2,-4.4,0.0,0.0,20,9,1,11,42080,104,4
2,-3.1,0.0,0.0,20,6,1,12,42080,104,3
2,-2.0,0.0,0.0,21,4,1,13,42080,104,5
2,-0.6,0.0,0.0,23,4,1,14,42080,104,3
2,-0.7,0.0,0.0,21,3,1,15,42080,104,4
2,-1.1,0.0,0.0,19,5,1,16,42080,104,2
2,-2.4,0.0,0.0,20,1,1,17,42080,104,8
2,-3.5,0.0,0.0,15,2,1,18,42080,104,5
2,-4.5,0.0,0.0,13,4,1,19,42080,104,10
2,-5.1,0.0,0.0,17,2,1,20,42080,104,5
2,-5.3,0.0,0.0,17,6,1,21,42080,104,2
2,-5.9,0.0,0.0,16,4,1,22,42080,104,3
2,-6.7,0.0,0.0,14,1,1,23,42080,104,0
2,-7.0,0.0,0.0,12,5,1,0,42080,104,0
2,-7.7,0.0,0.0,15,14,1,1,42080,104,0
2,-7.8,0.0,0.0,16,10,1,2,42080,104,0
2,-7.8,0.0,0.0,20,3,1,3,42080,104,0
3,-8.6,0.0,0.0,18,10,1,4,42080,104,0
3,-8.6,0.0,0.0,18,14,1,5,42080,104,0
3,-8.9,0.0,0.0,22,7,1,6,42080,104,0
3,-8.4,0.0,0.0,21,7,1,7,42080,104,1
3,-8.1,0.0,0.0,19,5,1,8,42080,104,9
3,-7.0,0.0,0.0,23,9,1,9,42080,104,2
3,-3.6,0.0,0.0,29,9,1,10,42080,104,5
3,-2.0,0.0,0.0,39,5,1,11,42080,104,4
3,-1.0,0.0,0.0,27,10,1,12,42080,104,4
3,0.3,0.0,0.0,22,1,1,13,42080,104,13
3,1.9,0.0,0.0,22,4,1,14,42080,104,2
3,2.3,0.0,0.0,21,3,1,15,42080,104,6
3,2.0,0.0,0.0,20,11,1,16,42080,104,4
3,0.4,0.0,0.0,21,14,1,17,42080,104,3
3,-0.7,0.0,0.0,23,9,1,18,42080,104,5
3,-1.5,0.0,0.0,23,14,1,19,42080,104,3
3,-2.2,0.0,0.0,30,14,1,20,42080,104,3
3,-3.2,0.0,0.0,34,19,1,21,42080,104,6
3,-3.6,0.0,0.0,32,14,1,22,42080,104,3
3,-3.6,0.0,0.0,31,13,1,23,42080,104,1
3,-3.1,0.0,0.0,40,15,1,0,42080,104,0
3,-2.9,0.0,0.0,33,20,1,1,42080,104,0
3,-2.6,0.0,0.0,31,15,1,2,42080,104,0
3,-1.8,0.0,0.0,32,11,1,3,42080,104,0
4,-1.5,0.0,0.0,28,13,1,4,42080,104,0
4,-0.9,0.0,0.0,20,9,1,5,42080,104,0
4,0.2,0.0,0.0,22,13,1,6,42080,104,1
4,0.9,0.0,0.0,24,1,1,7,42080,104,3
4,1.4,0.0,0.0,25,4,1,8,42080,104,7
4,1.8,0.0,0.0,24,7,1,9,42080,104,7
4,3.6,0.0,0.0,27,13,1,10,42080,104,3
4,2.9,0.0,0.0,28,12,1,11,42080,104,4
4,2.6,0.0,0.0,38,15,1,12,42080,104,4
4,3.6,0.0,0.0,41,17,1,13,42080,104,7
4,3.4,0.0,0.0,39,32,1,14,42080,104,3
4,3.6,0.0,0.0,43,19,1,15,42080,104,4
4,3.2,0.0,0.0,47,13,1,16,42080,104,5
4,2.0,0.0,0.0,38,2,1,17,42080,104,3
4,0.0,0.0,0.0,32,12,1,18,42080,104,7
4,-0.9,0.0,0.0,21,5,1,19,42080,104,8
4,-1.8,0.0,0.0,22,9,1,20,42080,104,3
4,-1.9,0.0,0.0,27,8,1,21,42080,104,5
4,-2.8,0.0,0.0,27,5,1,22,42080,104,5
4,-2.4,0.0,0.0,22,6,1,23,42080,104,2
4,-3.5,0.0,0.0,20,3,1,0,42080,104,0
4,-4.1,0.0,0.0,26,13,1,1,42080,104,0
4,-4.4,0.0,0.0,25,14,1,2,42080,104,0
4,-5.5,0.0,0.0,26,14,1,3,42080,104,0
5,-6.0,0.0,0.0,31,12,1,4,42080,104,0
5,-6.8,0.0,0.0,26,13,1,5,42080,104,0
5,-7.9,0.0,0.0,23,12,1,6,42080,104,1
5,-7.6,0.0,0.0,26,8,1,7,42080,104,1
5,-8.3,0.0,0.0,26,4,1,8,42080,104,3
5,-6.2,0.0,0.0,27,3,1,9,42080,104,4
5,-3.9,0.0,0.0,24,1,1,10,42080,104,7
5,-2.4,0.0,0.0,28,4,1,11,42080,104,9
5,-1.4,0.0,0.0,20,1,1,12,42080,104,5
5,-0.2,0.0,0.0,16,1,1,13,42080,104,5
5,0.5,0.0,0.0,16,1,1,14,42080,104,4
5,0.9,0.0,0.0,16,1,1,15,42080,104,5
5,0.1,0.0,0.0,20,1,1,16,42080,104,1
5,-1.5,0.0,0.0,18,3,1,17,42080,104,5
5,-2.6,0.0,0.0,21,7,1,18,42080,104,5
5,-3.3,0.0,0.0,19,5,1,19,42080,104,4
5,-4.4,0.0,0.0,19,6,1,20,42080,104,1
5,-4.2,0.0,0.0,17,5,1,21,42080,104,4
5,-3.3,0.0,0.0,19,11,1,22,42080,104,7
5,-3.2,0.0,0.0,23,9,1,23,42080,104,2
5,-2.9,0.0,0.0,25,8,1,0,42080,104,0
5,-2.8,0.0,0.0,28,7,1,1,42080,104,0
5,-3.3,0.0,0.0,23,7,1,2,42080,104,0
5,-4.1,0.0,0.0,22,8,1,3,42080,104,0
6,-4.9,0.0,0.0,27,13,1,4,42080,104,0
6,-5.6,0.0,0.0,21,11,1,5,42080,104,0
6,-6.2,0.0,0.0,19,6,1,6,42080,104,0
6,-6.6,0.0,0.0,20,6,1,7,42080,104,0
6,-6.9,0.0,0.0,16,9,1,8,42080,104,5
6,-6.2,0.0,0.0,21,6,1,9,42080,104,1
6,-2.0,0.0,0.0,24,17,1,10,42080,104,5
6,0.1,0.0,0.0,30,10,1,11,42080,104,2
6,1.1,0.0,0.0,23,1,1,12,42080,104,4
6,2.4,0.0,0.0,28,1,1,13,42080,104,3
6,3.5,0.0,0.0,15,2,1,14,42080,104,1
6,3.8,0.0,0.0,17,1,1,15,42080,104,2
6,3.5,0.0,0.0,19,5,1,16,42080,104,4
6,1.4,0.0,0.0,22,6,1,17,42080,104,6
6,-0.4,0.0,0.0,17,6,1,18,42080,104,2
6,-1.3,0.0,0.0,20,6,1,19,42080,104,2
6,-2.0,0.0,0.0,20,6,1,20,42080,104,4
6,-2.9,0.0,0.0,19,15,1,21,42080,104,3
6,-3.1,0.0,0.0,26,12,1,22,42080,104,1
6,-3.6,0.0,0.0,29,8,1,23,42080,104,2
6,-4.0,0.0,0.0,28,8,1,0,42080,104,0
6,-4.6,0.0,0.0,26,3,1,1,42080,104,0
6,-4.8,0.0,0.0,25,19,1,2,42080,104,0
6,-4.1,0.0,0.0,26,17,1,3,42080,104,0
0,-3.8,0.0,0.0,27,11,1,4,42080,104,0
0,-3.4,0.0,0.0,28,15,1,5,42080,104,0
0,-2.8,0.0,0.0,28,10,1,6,42080,104,1
0,-2.6,0.0,0.0,31,12,1,7,42080,104,1
0,-2.3,0.0,0.0,29,11,1,8,42080,104,5
0,-1.7,0.0,0.0,28,10,1,9,42080,104,5
0,0.2,0.0,0.0,36,18,1,10,42080,104,6
0,2.7,0.0,0.0,63,28,1,11,42080,104,8
0,4.4,0.0,0.0,66,18,1,12,42080,104,7
0,5.1,0.0,0.0,54,8,1,13,42080,104,2
0,4.7,0.0,0.0,39,21,1,14,42080,104,8
0,4.6,0.0,0.0,50,21,1,15,42080,104,6
0,4.0,0.0,0.0,47,24,1,16,42080,104,8
0,3.7,0.0,0.0,61,26,1,17,42080,104,7
0,3.1,0.0,0.0,46,18,1,18,42080,104,8
0,2.6,0.0,0.0,36,19,1,19,42080,104,10
0,1.3,0.0,0.0,42,20,1,20,42080,104,3
0,0.1,0.0,0.0,40,12,1,21,42080,104,4
0,-0.7,0.0,0.0,41,17,1,22,42080,104,4
0,-0.9,0.0,0.0,40,24,1,23,42080,104,0
0,-0.5,0.0,0.0,42,15,1,0,42080,104,0
0,-1.0,0.0,0.0,45,15,1,1,42080,104,0
0,-1.3,0.0,0.0,42,26,1,2,42080,104,0
0,-1.5,0.0,0.0,38,19,1,3,42080,104,0
1,-1.9,0.0,0.0,44,20,1,4,42080,104,0
1,-2.0,0.0,0.0,46,19,1,5,42080,104,0
1,-2.3,0.0,0.0,50,16,1,6,42080,104,1
1,-2.2,0.0,0.0,44,14,1,7,42080,104,1
1,-2.8,0.0,0.0,44,13,1,8,42080,104,8
1,-1.8,0.0,0.0,43,14,1,9,42080,104,4
1,1.3,0.0,0.0,42,34,1,10,42080,104,3
1,4.8,0.0,0.0,69,40,1,11,42080,104,4
1,6.4,0.0,0.0,79,22,1,12,42080,104,6
1,7.7,0.0,0.0,62,1,1,13,42080,104,5
1,7.8,0.0,0.0,25,3,1,14,42080,104,5
1,8.2,0.0,0.0,0,7,1,15,42080,104,1
1,7.2,0.0,0.0,58,16,1,16,42080,104,4
1,5.9,0.0,0.0,47,25,1,17,42080,104,8
1,4.7,0.0,0.0,49,25,1,18,42080,104,6
1,3.5,0.0,0.0,52,22,1,19,42080,104,4
1,2.4,0.0,0.0,56,33,1,20,42080,104,8
1,1.8,0.0,0.0,70,22,1,21,42080,104,3
1,0.8,0.0,0.0,56,21,1,22,42080,104,4
1,0.0,0.0,0.0,53,22,1,23,42080,104,0
1,-0.5,0.0,0.0,45,18,1,0,42080,104,0
1,-1.0,0.0,0.0,41,28,1,1,42080,104,0
1,-1.4,0.0,0.0,45,28,1,2,42080,104,0
1,-1.8,0.0,0.0,46,26,1,3,42080,104,0
2,-1.9,0.0,0.0,43,23,1,4,42080,104,0
2,-2.0,0.0,0.0,43,24,1,5,42080,104,0
2,-1.8,0.0,0.0,49,22,1,6,42080,104,2
2,-1.9,0.0,0.0,49,24,1,7,42080,104,3
2,-1.2,0.0,0.0,53,27,1,8,42080,104,6
2,-0.3,0.0,0.0,51,27,1,9,42080,104,1
2,1.5,0.0,0.0,62,44,1,10,42080,104,7
2,4.1,0.0,0.0,69,44,1,11,42080,104,3
2,7.1,0.0,0.0,92,50,1,12,42080,104,3
2,8.3,0.0,0.0,96,25,1,13,42080,104,3
2,8.9,0.0,0.0,83,36,1,14,42080,104,2
2,8.8,0.0,0.0,77,30,1,15,42080,104,6
2,8.6,0.0,0.0,74,36,1,16,42080,104,2
2,8.4,0.0,0.0,82,44,1,17,42080,104,5
2,7.6,0.0,0.0,79,38,1,18,42080,104,7
2,7.1,0.0,0.0,72,30,1,19,42080,104,4
2,7.2,0.0,0.0,73,38,1,20,42080,104,4
2,5.9,0.0,0.0,68,30,1,21,42080,104,6
2,5.7,0.0,0.0,65,28,1,22,42080,104,0
2,5.5,0.0,0.0,66,30,1,23,42080,104,0
2,4.6,0.0,0.0,57,26,1,0,42080,104,0
2,4.2,0.0,0.0,60,32,1,1,42080,104,0
2,3.9,0.0,0.0,59,37,1,2,42080,104,0
2,3.9,0.0,0.0,65,36,1,3,42080,104,0
3,3.5,0.0,0.0,65,39,1,4,42080,104,0
3,3.0,0.0,0.0,69,29,1,5,42080,104,0
3,3.0,0.0,0.0,65,23,1,6,42080,104,1
3,3.7,0.0,0.0,54,27,1,7,42080,104,0
3,4.8,0.0,0.0,59,25,1,8,42080,104,8
3,4.9,0.0,0.0,68,51,1,9,42080,104,4
3,6.7,0.0,0.0,103,40,1,10,42080,104,4
3,7.9,0.0,0.0,103,17,1,11,42080,104,3
3,8.1,0.0,0.0,74,12,1,12,42080,104,4
3,9.1,0.0,0.0,62,15,1,13,42080,104,6
3,9.7,0.0,0.0,70,18,1,14,42080,104,4
3,8.8,0.0,0.0,69,10,1,15,42080,104,5
3,7.3,0.0,0.0,60,9,1,16,42080,104,11
3,5.2,0.0,0.0,47,2,1,17,42080,104,7
3,3.8,0.0,0.0,32,8,1,18,42080,104,6
3,2.9,0.0,0.0,35,14,1,19,42080,104,6
3,2.2,0.0,0.0,28,5,1,20,42080,104,2
3,1.8,0.0,0.0,28,5,1,21,42080,104,3
3,1.4,0.0,0.0,22,1,1,22,42080,104,4
3,1.3,0.0,0.0,20,5,1,23,42080,104,0
3,0.7,0.0,0.0,21,5,1,0,42080,104,0
3,0.1,0.0,0.0,23,8,1,1,42080,104,0
3,-0.4,0.0,0.0,17,7,1,2,42080,104,0
3,-1.3,0.0,0.0,18,11,1,3,42080,104,0
4,-1.4,0.0,0.0,19,12,1,4,42080,104,0
4,-1.3,0.0,0.0,18,6,1,5,42080,104,0
4,-1.9,0.0,0.0,23,5,1,6,42080,104,1
4,-1.9,0.0,0.0,23,9,1,7,42080,104,1
4,-1.5,0.0,0.0,23,12,1,8,42080,104,2
4,-1.0,0.0,0.0,17,3,1,9,42080,104,1
4,1.1,0.0,0.0,29,16,1,10,42080,104,2
4,2.4,0.0,0.0,29,15,1,11,42080,104,0
4,3.4,0.0,0.0,22,7,1,12,42080,104,1
4,3.5,0.0,0.0,21,1,1,13,42080,104,3
4,4.0,0.0,0.0,22,7,1,14,42080,104,3
4,4.2,0.0,0.0,29,7,1,15,42080,104,2
4,4.5,0.0,0.0,25,1,1,16,42080,104,6
4,3.2,0.0,0.0,23,7,1,17,42080,104,3
4,2.2,0.0,0.0,21,7,1,18,42080,104,1
4,0.7,0.0,0.0,20,7,1,19,42080,104,0
4,0.0,0.0,0.0,28,9,1,20,42080,104,5
4,-1.0,0.0,0.0,27,9,1,21,42080,104,6
4,-1.4,0.0,0.0,28,13,1,22,42080,104,3
4,-2.3,0.0,0.0,26,9,1,23,42080,104,0
4,-2.5,0.0,0.0,27,13,1,0,42080,104,0
4,-2.9,0.0,0.0,27,13,1,1,42080,104,0
4,-3.0,0.0,0.0,27,10,1,2,42080,104,0
4,-3.4,0.0,0.0,22,8,1,3,42080,104,0
5,-3.5,0.0,0.0,23,10,1,4,42080,104,0
5,-3.6,0.0,0.0,23,6,1,5,42080,104,0
5,-3.7,0.0,0.0,24,7,1,6,42080,104,1
5,-3.0,0.0,0.0,25,9,1,7,42080,104,2
5,-2.8,0.0,0.0,26,7,1,8,42080,104,2
5,-2.1,0.0,0.0,26,9,1,9,42080,104,3
5,0.0,0.0,0.0,31,16,1,10,42080,104,3
5,3.9,0.0,0.0,48,21,1,11,42080,104,3
5,5.3,0.0,0.0,50,6,1,12,42080,104,4
5,5.4,0.0,0.0,44,3,1,13,42080,104,4
5,5.4,0.0,0.0,35,4,1,14,42080,104,2
5,7.2,0.0,0.0,40,7,1,15,42080,104,0
5,6.9,0.0,0.0,37,11,1,16,42080,104,5
5,5.9,0.0,0.0,49,13,1,17,42080,104,2
5,4.6,0.0,0.0,50,21,1,18,42080,104,1
5,3.9,0.0,0.0,51,17,1,19,42080,104,0
5,2.9,0.0,0.0,53,17,1,20,42080,104,1
5,2.2,0.0,0.0,52,13,1,21,42080,104,3
5,1.4,0.0,0.0,45,19,1,22,42080,104,4
5,1.4,0.0,0.0,44,17,1,23,42080,104,0
5,0.8,0.0,0.0,49,24,1,0,42080,104,0
5,0.2,0.0,0.0,46,25,1,1,42080,104,0
5,-0.1,0.0,0.0,38,19,1,2,42080,104,0
5,-0.3,0.0,0.0,40,19,1,3,42080,104,0
6,-0.7,0.0,0.0,43,17,1,4,42080,104,0
6,-1.0,0.0,0.0,47,16,1,5,42080,104,0
6,-1.5,0.0,0.0,39,14,1,6,42080,104,1
6,-1.8,0.0,0.0,39,9,1,7,42080,104,0
6,-2.0,0.0,0.0,36,13,1,8,42080,104,3
6,-1.8,0.0,0.0,41,15,1,9,42080,104,2
6,0.0,0.0,0.0,38,13,1,10,42080,104,0
6,2.7,0.0,0.0,54,21,1,11,42080,104,1
6,5.4,0.0,0.0,50,22,1,12,42080,104,3
6,7.4,0.0,0.0,60,27,1,13,42080,104,7
6,7.8,0.0,0.0,67,22,1,14,42080,104,3
6,8.6,0.0,0.0,66,17,1,15,42080,104,3
6,8.6,0.0,0.0,68,23,1,16,42080,104,3
6,7.9,0.0,0.0,60,28,1,17,42080,104,3
6,7.0,0.0,0.0,64,38,1,18,42080,104,3
6,6.2,0.0,0.0,63,28,1,19,42080,104,2
6,5.3,0.0,0.0,70,20,1,20,42080,104,5
6,4.4,0.0,0.0,62,25,1,21,42080,104,5
6,3.6,0.0,0.0,61,25,1,22,42080,104,0
6,2.8,0.0,0.0,57,26,1,23,42080,104,0
6,2.0,0.0,0.0,60,16,1,0,42080,104,0
6,1.7,0.0,0.0,48,18,1,1,42080,104,0
6,1.1,0.0,0.0,48,30,1,2,42080,104,0
6,0.6,0.0,0.0,52,30,1,3,42080,104,0
0,0.3,0.0,0.0,50,21,1,4,42080,104,0
0,-0.2,0.0,0.0,47,17,1,5,42080,104,0
0,0.4,0.0,0.0,47,25,1,6,42080,104,1
0,1.2,0.0,0.0,46,25,1,7,42080,104,2
0,1.5,0.0,0.0,43,18,1,8,42080,104,6
0,2.2,0.0,0.0,43,25,1,9,42080,104,2
0,4.1,0.0,0.0,43,28,1,10,42080,104,1
0,7.5,0.0,0.0,42,16,1,11,42080,104,4
0,10.2,0.0,0.0,44,10,1,12,42080,104,3
0,12.0,0.0,0.0,39,1,1,13,42080,104,3
0,13.1,0.0,0.0,27,1,1,14,42080,104,5
0,13.4,0.0,0.0,29,16,1,15,42080,104,3
0,12.8,0.0,0.0,43,25,1,16,42080,104,8
0,10.9,0.0,0.0,47,27,1,17,42080,104,3
0,8.8,0.0,0.0,47,23,1,18,42080,104,4
0,8.0,0.0,0.0,50,27,1,19,42080,104,2
0,6.7,0.0,0.0,55,27,1,20,42080,104,4
0,5.3,0.0,0.0,62,27,1,21,42080,104,3
0,4.1,0.0,0.0,66,27,1,22,42080,104,0
0,3.2,0.0,0.0,64,24,1,23,42080,104,0
0,2.2,0.0,0.0,70,32,1,0,42080,104,0
0,1.8,0.0,0.0,62,26,1,1,42080,104,0
0,0.8,0.0,0.0,57,34,1,2,42080,104,0
0,0.4,0.0,0.0,59,32,1,3,42080,104,0
1,0.0,0.0,0.0,56,27,1,4,42080,104,0
1,-0.2,0.0,0.0,57,24,1,5,42080,104,0
1,-0.3,0.0,0.0,54,30,1,6,42080,104,1
1,0.0,0.0,0.0,58,23,1,7,42080,104,1
1,0.1,0.0,0.0,59,28,1,8,42080,104,8
1,1.0,0.0,0.0,61,39,1,9,42080,104,3
1,2.3,0.0,0.0,78,50,1,10,42080,104,3
1,5.5,0.0,0.0,83,49,1,11,42080,104,5
1,6.2,0.0,0.0,81,54,1,12,42080,104,7
1,5.8,0.0,0.0,96,39,1,13,42080,104,2
1,5.2,0.0,0.0,90,39,1,14,42080,104,7
1,4.7,0.0,0.0,85,38,1,15,42080,104,7
1,3.6,0.0,0.0,91,32,1,16,42080,104,7
1,2.0,0.0,0.0,72,48,1,17,42080,104,2
1,1.1,0.5,0.0,80,32,1,18,42080,104,8
1,0.5,0.0,0.8,47,22,1,19,42080,104,2
1,0.1,0.0,2.0,43,20,1,20,42080,104,3
1,-0.4,2.0,2.0,30,8,1,21,42080,104,10
1,-0.5,0.0,2.0,31,11,1,22,42080,104,3
1,-1.3,0.0,2.0,24,16,1,23,42080,104,0
1,-2.2,0.0,2.0,40,11,1,0,42080,104,0
1,-3.1,0.0,1.9,32,12,1,1,42080,104,0
1,-3.7,0.0,1.8,36,21,1,2,42080,104,0
1,-4.8,0.0,1.8,30,12,1,3,42080,104,0
2,-5.7,0.0,1.8,27,5,1,4,42080,104,0
2,-6.3,0.0,1.8,28,7,1,5,42080,104,0
2,-7.0,0.0,1.8,27,8,1,6,42080,104,1
2,-7.4,0.0,1.8,25,7,1,7,42080,104,0
2,-7.9,0.0,1.7,21,1,1,8,42080,104,8
2,-7.9,0.0,1.6,22,15,1,9,42080,104,1
2,-6.7,0.0,1.5,17,10,1,10,42080,104,2
2,-5.8,0.0,1.3,16,1,1,11,42080,104,0
2,-5.7,0.0,1.2,16,4,1,12,42080,104,4
2,-5.9,0.0,1.2,15,8,1,13,42080,104,3
2,-6.1,0.0,1.2,14,8,1,14,42080,104,1
2,-6.5,0.0,1.2,16,6,1,15,42080,104,4
2,-6.3,0.0,1.2,18,10,1,16,42080,104,3
2,-7.8,0.0,1.2,16,6,1,17,42080,104,6
2,-8.5,0.0,1.2,15,1,1,18,42080,104,5
2,-8.8,0.0,1.2,17,2,1,19,42080,104,6
2,-8.8,0.0,1.2,15,1,1,20,42080,104,1
2,-9.0,0.0,1.2,15,2,1,21,42080,104,10
2,-8.8,0.0,1.2,12,9,1,22,42080,104,0
2,-9.3,0.0,1.2,10,3,1,23,42080,104,2
2,-10.5,0.0,1.2,15,13,1,0,42080,104,0
2,-11.2,0.0,1.2,20,10,1,1,42080,104,0
2,-12.2,0.0,1.2,20,13,1,2,42080,104,0
2,-12.7,0.0,1.2,20,3,1,3,42080,104,0
3,-13.0,0.0,1.2,20,7,1,4,42080,104,0
3,-12.8,0.0,1.2,23,9,1,5,42080,104,0
3,-13.2,0.0,1.2,23,10,1,6,42080,104,1
3,-12.8,0.0,1.2,22,5,1,7,42080,104,4
3,-12.8,0.0,1.2,21,8,1,8,42080,104,6
3,-11.2,0.0,1.2,23,5,1,9,42080,104,1
3,-8.4,0.0,1.2,28,9,1,10,42080,104,3
3,-7.2,0.0,1.2,37,1,1,11,42080,104,0
3,-5.3,0.0,1.2,25,1,1,12,42080,104,11
3,-4.4,0.0,1.2,29,8,1,13,42080,104,6
3,-2.3,0.0,1.0,29,7,1,14,42080,104,3
3,-1.0,0.0,0.8,37,8,1,15,42080,104,6
3,-2.3,0.0,0.7,37,8,1,16,42080,104,6
3,-3.0,0.0,0.7,27,6,1,17,42080,104,4
3,-4.1,0.0,0.9,26,13,1,18,42080,104,5
3,-5.1,0.0,1.0,25,14,1,19,42080,104,5
3,-5.9,0.0,1.0,27,11,1,20,42080,104,5
3,-6.5,0.0,1.0,31,21,1,21,42080,104,6
3,-7.0,0.0,1.0,32,6,1,22,42080,104,2
3,-7.4,0.0,1.0,35,5,1,23,42080,104,0
3,-7.7,0.0,1.0,35,1,1,0,42080,104,0
3,-7.9,0.0,1.0,33,21,1,1,42080,104,0
3,-8.1,0.0,1.0,36,7,1,2,42080,104,0
3,-8.4,0.0,1.0,33,15,1,3,42080,104,0
4,17.4,0.0,0.0,39,0,1,4,42080,104,0
4,17.0,0.0,0.0,32,0,1,5,42080,104,0
4,16.9,0.0,0.0,39,0,1,6,42080,104,1
4,16.6,0.0,0.0,26,0,1,7,42080,104,3
4,17.5,0.0,0.0,29,0,1,8,42080,104,8
4,18.5,0.0,0.0,27,0,1,9,42080,104,3
4,19.9,0.0,0.0,36,0,1,10,42080,104,6
4,22.3,0.0,0.0,41,0,1,11,42080,104,6
4,24.0,0.0,0.0,44,0,1,12,42080,104,7
4,25.6,0.0,0.0,42,0,1,13,42080,104,8
4,26.5,0.0,0.0,35,0,1,14,42080,104,10
4,28.2,0.0,0.0,41,0,1,15,42080,104,7
4,28.4,0.0,0.0,36,0,1,16,42080,104,9
4,27.0,0.0,0.0,39,26,1,17,42080,104,7
4,24.8,0.0,0.0,34,23,1,18,42080,104,11
4,23.1,0.0,0.0,30,22,1,19,42080,104,6
4,22.2,0.0,0.0,34,26,1,20,42080,104,7
4,22.2,0.0,0.0,39,31,1,21,42080,104,6
4,21.8,0.0,0.0,31,31,1,22,42080,104,11
4,21.5,0.0,0.0,44,38,1,23,42080,104,1
4,20.7,0.0,0.0,45,25,1,0,42080,104,0
4,18.8,0.0,0.0,39,12,1,1,42080,104,0
4,18.0,0.0,0.0,13,3,1,2,42080,104,0
4,16.9,0.0,0.0,8,1,1,3,42080,104,0
5,16.6,0.0,0.0,9,2,1,4,42080,104,0
5,16.5,0.0,0.0,8,3,1,5,42080,104,0
5,17.0,0.2,0.0,16,6,1,6,42080,104,2
5,16.6,0.0,0.0,17,8,1,7,42080,104,2
5,17.1,0.0,0.0,13,6,1,8,42080,104,3
5,20.1,0.0,0.0,16,20,1,9,42080,104,10
5,22.1,0.0,0.0,18,18,1,10,42080,104,6
5,24.3,0.0,0.0,25,14,1,11,42080,104,9
5,25.4,0.0,0.0,29,16,1,12,42080,104,7
5,26.3,0.0,0.0,29,18,1,13,42080,104,6
5,26.9,0.0,0.0,27,17,1,14,42080,104,7
5,27.7,0.0,0.0,28,15,1,15,42080,104,2
5,27.5,0.0,0.0,28,22,1,16,42080,104,4
5,26.7,0.0,0.0,35,28,1,17,42080,104,6
5,24.6,0.0,0.0,36,20,1,18,42080,104,3
5,22.8,0.0,0.0,32,20,1,19,42080,104,3
5,21.8,0.0,0.0,30,22,1,20,42080,104,6
5,20.8,0.0,0.0,36,32,1,21,42080,104,5
5,20.0,0.0,0.0,37,30,1,22,42080,104,10
5,19.5,0.0,0.0,34,25,1,23,42080,104,4
5,19.0,0.0,0.0,34,22,1,0,42080,104,0
5,18.5,0.0,0.0,31,14,1,1,42080,104,0
5,18.2,0.0,0.0,28,21,1,2,42080,104,0
5,17.7,0.0,0.0,30,25,1,3,42080,104,0
6,17.5,0.0,0.0,27,19,1,4,42080,104,0
6,17.0,0.0,0.0,28,23,1,5,42080,104,0
6,16.6,0.0,0.0,28,16,1,6,42080,104,0
6,16.5,0.0,0.0,32,19,1,7,42080,104,0
6,18.2,0.0,0.0,28,14,1,8,42080,104,6
6,19.9,0.0,0.0,27,18,1,9,42080,104,8
6,22.5,0.0,0.0,29,20,1,10,42080,104,7
6,24.9,0.0,0.0,27,19,1,11,42080,104,5
6,27.6,0.0,0.0,27,17,1,12,42080,104,8
6,29.2,0.0,0.0,24,13,1,13,42080,104,5
6,31.1,0.0,0.0,26,10,1,14,42080,104,7
6,30.2,0.0,0.0,20,5,1,15,42080,104,2
6,30.5,0.0,0.0,22,9,1,16,42080,104,8
6,29.4,0.0,0.0,26,8,1,17,42080,104,7
6,27.6,0.0,0.0,19,14,1,18,42080,104,4
6,24.6,0.0,0.0,30,16,1,19,42080,104,11
6,22.6,0.0,0.0,24,11,1,20,42080,104,10
6,21.8,0.0,0.0,26,20,1,21,42080,104,7
6,21.2,0.0,0.0,25,17,1,22,42080,104,11
6,20.2,0.0,0.0,31,22,1,23,42080,104,6
6,19.1,0.0,0.0,32,20,1,0,42080,104,0
6,18.8,0.0,0.0,24,18,1,1,42080,104,0
6,17.9,0.0,0.0,25,21,1,2,42080,104,0
6,17.9,0.0,0.0,26,23,1,3,42080,104,0
0,17.6,0.0,0.0,28,20,1,4,42080,104,0
0,17.1,0.0,0.0,27,20,1,5,42080,104,0
0,17.0,0.0,0.0,25,20,1,6,42080,104,2
0,17.1,0.0,0.0,25,16,1,7,42080,104,0
0,18.9,0.0,0.0,26,19,1,8,42080,104,5
0,21.7,0.0,0.0,19,18,1,9,42080,104,9
0,22.3,0.0,0.0,31,24,1,10,42080,104,7
0,23.9,0.0,0.0,47,25,1,11,42080,104,12
0,25.4,0.0,0.0,48,27,1,12,42080,104,7
0,27.9,0.0,0.0,42,15,1,13,42080,104,6
0,28.4,0.0,0.0,49,18,1,14,42080,104,6
0,28.5,0.0,0.0,53,14,1,15,42080,104,6
0,27.9,0.0,0.0,46,10,1,16,42080,104,8
0,27.5,0.0,0.0,42,6,1,17,42080,104,4
0,26.5,0.0,0.0,36,12,1,18,42080,104,11
0,25.5,0.0,0.0,32,10,1,19,42080,104,6
0,24.7,0.0,0.0,32,10,1,20,42080,104,4
0,24.0,0.0,0.0,36,14,1,21,42080,104,12
0,23.0,0.0,0.0,38,17,1,22,42080,104,6
0,22.9,0.0,0.0,36,14,1,23,42080,104,0
0,22.3,0.0,0.0,40,19,1,0,42080,104,0
0,21.9,0.0,0.0,36,16,1,1,42080,104,0
0,21.4,0.0,0.0,31,18,1,2,42080,104,0
0,21.0,0.0,0.0,30,18,1,3,42080,104,0
1,20.5,0.0,0.0,25,17,1,4,42080,104,0
1,20.0,0.0,0.0,27,16,1,5,42080,104,0
1,19.6,0.0,0.0,23,13,1,6,42080,104,1
1,19.4,0.0,0.0,25,15,1,7,42080,104,3
1,20.5,0.0,0.0,26,10,1,8,42080,104,6
1,22.3,0.0,0.0,28,16,1,9,42080,104,8
1,25.1,0.0,0.0,34,18,1,10,42080,104,3
1,26.4,0.0,0.0,32,11,1,11,42080,104,5
1,27.7,0.0,0.0,33,11,1,12,42080,104,8
1,29.0,0.0,0.0,32,10,1,13,42080,104,10
1,28.1,0.0,0.0,23,6,1,14,42080,104,7
1,29.4,0.0,0.0,23,5,1,15,42080,104,6
1,28.6,0.0,0.0,22,3,1,16,42080,104,9
1,27.0,0.0,0.0,23,4,1,17,42080,104,7
1,25.5,0.0,0.0,20,3,1,18,42080,104,8
1,24.2,0.0,0.0,23,9,1,19,42080,104,5
1,23.0,0.0,0.0,24,12,1,20,42080,104,6
1,21.8,0.0,0.0,25,11,1,21,42080,104,5
1,21.3,0.0,0.0,28,17,1,22,42080,104,3
1,20.6,0.0,0.0,24,13,1,23,42080,104,2
1,20.2,0.0,0.0,20,17,1,0,42080,104,0
1,19.9,0.0,0.0,22,21,1,1,42080,104,0
1,19.8,0.0,0.0,22,15,1,2,42080,104,0
1,19.2,0.0,0.0,20,14,1,3,42080,104,0
2,18.9,0.0,0.0,22,11,1,4,42080,104,0
2,18.7,0.0,0.0,21,15,1,5,42080,104,0
2,18.6,0.0,0.0,21,13,1,6,42080,104,1
2,18.8,0.0,0.0,16,8,1,7,42080,104,4
2,19.6,0.0,0.0,19,3,1,8,42080,104,7
2,21.3,0.0,0.0,17,3,1,9,42080,104,5
2,23.9,0.0,0.0,20,7,1,10,42080,104,0
2,25.7,0.0,0.0,23,11,1,11,42080,104,4
2,26.5,0.0,0.0,18,9,1,12,42080,104,4
2,27.9,0.0,0.0,22,8,1,13,42080,104,6
2,27.4,0.0,0.0,18,14,1,14,42080,104,6
2,27.6,0.0,0.0,20,10,1,15,42080,104,7
2,28.1,0.0,0.0,18,3,1,16,42080,104,7
2,27.0,0.0,0.0,17,4,1,17,42080,104,7
2,24.7,0.0,0.0,16,7,1,18,42080,104,10
2,23.5,0.0,0.0,23,14,1,19,42080,104,6
2,22.5,0.0,0.0,13,9,1,20,42080,104,7
2,22.0,0.0,0.0,15,10,1,21,42080,104,4
2,21.4,0.0,0.0,8,4,1,22,42080,104,11
2,21.1,0.0,0.0,6,4,1,23,42080,104,4
2,20.8,0.0,0.0,7,1,1,0,42080,104,0
2,19.9,0.0,0.0,6,7,1,1,42080,104,0
2,19.7,0.0,0.0,7,1,1,2,42080,104,0
2,19.4,0.0,0.0,7,6,1,3,42080,104,0
3,19.3,0.0,0.0,7,3,1,4,42080,104,0
3,19.2,0.0,0.0,5,6,1,5,42080,104,0
3,19.3,0.0,0.0,6,5,1,6,42080,104,2
3,19.4,0.0,0.0,7,6,1,7,42080,104,6
3,20.2,0.0,0.0,8,6,1,8,42080,104,4
3,22.7,0.0,0.0,10,11,1,9,42080,104,5
3,23.4,0.0,0.0,13,13,1,10,42080,104,0
3,23.8,0.0,0.0,30,14,1,11,42080,104,5
3,24.7,0.0,0.0,29,16,1,12,42080,104,6
3,23.8,0.0,0.0,27,13,1,13,42080,104,5
3,20.5,3.1,0.0,27,13,1,14,42080,104,8
3,20.1,0.2,0.0,22,11,1,15,42080,104,5
3,20.4,0.1,0.0,16,5,1,16,42080,104,6
3,20.9,0.0,0.0,17,13,1,17,42080,104,9
3,20.1,0.0,0.0,17,4,1,18,42080,104,9
3,19.8,0.0,0.0,13,10,1,19,42080,104,5
3,19.5,0.0,0.0,15,6,1,20,42080,104,11
3,19.2,0.0,0.0,12,10,1,21,42080,104,3
3,19.0,0.0,0.0,16,7,1,22,42080,104,5
3,18.9,0.0,0.0,16,8,1,23,42080,104,5
3,19.1,0.0,0.0,17,11,1,0,42080,104,0
3,18.9,0.0,0.0,19,6,1,1,42080,104,0
3,18.7,0.0,0.0,19,8,1,2,42080,104,0
3,18.7,0.0,0.0,10,8,1,3,42080,104,0
4,18.8,0.0,0.0,19,6,1,4,42080,104,0
4,18.9,0.0,0.0,12,7,1,5,42080,104,0
4,18.8,0.0,0.0,11,12,1,6,42080,104,0
4,18.7,0.0,0.0,17,6,1,7,42080,104,3
4,19.1,0.0,0.0,12,3,1,8,42080,104,10
4,19.5,0.0,0.0,16,3,1,9,42080,104,3
4,20.0,0.0,0.0,20,3,1,10,42080,104,5
4,21.3,0.0,0.0,21,12,1,11,42080,104,5
4,21.7,0.0,0.0,22,11,1,12,42080,104,3
4,22.0,0.0,0.0,19,15,1,13,42080,104,6
4,22.4,0.0,0.0,17,9,1,14,42080,104,9
4,22.1,0.0,0.0,20,8,1,15,42080,104,4
4,21.8,0.0,0.0,23,9,1,16,42080,104,6
4,21.5,0.0,0.0,21,5,1,17,42080,104,11
4,21.2,0.0,0.0,17,9,1,18,42080,104,7
4,20.8,0.0,0.0,25,17,1,19,42080,104,9
4,20.6,0.0,0.0,32,17,1,20,42080,104,4
4,20.5,0.0,0.0,33,18,1,21,42080,104,10
4,20.3,0.0,0.0,29,13,1,22,42080,104,6
4,20.4,0.0,0.0,26,11,1,23,42080,104,2
4,20.2,0.0,0.0,16,7,1,0,42080,104,0
4,20.0,0.0,0.0,17,9,1,1,42080,104,0
4,20.0,0.0,0.0,13,6,1,2,42080,104,0
4,20.0,0.0,0.0,15,8,1,3,42080,104,0
5,20.0,0.0,0.0,12,10,1,4,42080,104,0
5,20.2,0.0,0.0,8,7,1,5,42080,104,0
5,20.1,0.0,0.0,13,6,1,6,42080,104,1
5,20.1,0.0,0.0,13,7,1,7,42080,104,3
5,20.8,0.0,0.0,9,6,1,8,42080,104,9
5,22.0,0.0,0.0,7,2,1,9,42080,104,8
5,22.9,0.0,0.0,10,1,1,10,42080,104,10
5,24.6,0.0,0.0,14,3,1,11,42080,104,11
5,26.2,0.0,0.0,13,2,1,12,42080,104,8
5,27.0,0.0,0.0,10,6,1,13,42080,104,7
5,27.8,0.0,0.0,9,7,1,14,42080,104,4
5,27.6,0.0,0.0,19,6,1,15,42080,104,6
5,26.8,0.0,0.0,14,12,1,16,42080,104,6
5,26.7,0.0,0.0,18,12,1,17,42080,104,7
5,25.4,0.0,0.0,21,12,1,18,42080,104,6
5,24.2,0.0,0.0,15,18,1,19,42080,104,5
5,23.4,0.0,0.0,17,19,1,20,42080,104,3
5,23.3,0.0,0.0,23,18,1,21,42080,104,4
5,22.5,0.0,0.0,26,20,1,22,42080,104,5
5,21.8,0.0,0.0,27,17,1,23,42080,104,5
5,21.3,0.0,0.0,20,16,1,0,42080,104,0
5,21.0,0.0,0.0,23,10,1,1,42080,104,0
5,20.9,0.0,0.0,19,16,1,2,42080,104,0
5,20.6,0.0,0.0,25,18,1,3,42080,104,0
6,20.2,0.0,0.0,22,16,1,4,42080,104,0
6,19.9,0.0,0.0,26,12,1,5,42080,104,0
6,19.6,0.0,0.0,21,10,1,6,42080,104,0
6,19.6,0.0,0.0,16,17,1,7,42080,104,0
6,20.4,0.0,0.0,20,15,1,8,42080,104,2
6,23.3,0.0,0.0,17,7,1,9,42080,104,10
6,25.4,0.0,0.0,21,17,1,10,42080,104,6
6,26.9,0.0,0.0,20,11,1,11,42080,104,0
6,28.4,0.0,0.0,20,10,1,12,42080,104,4
6,28.3,0.0,0.0,22,10,1,13,42080,104,6
6,28.2,0.0,0.0,21,15,1,14,42080,104,5
6,27.6,0.0,0.0,23,12,1,15,42080,104,17
6,28.8,0.0,0.0,24,8,1,16,42080,104,8
6,27.8,0.0,0.0,27,7,1,17,42080,104,11
6,26.4,0.0,0.0,21,10,1,18,42080,104,9
6,24.9,0.0,0.0,18,4,1,19,42080,104,5
6,23.3,0.0,0.0,18,7,1,20,42080,104,12
6,20.7,2.8,0.0,22,10,1,21,42080,104,7
6,19.5,0.1,0.0,2,8,1,22,42080,104,9
6,18.0,0.8,0.0,3,7,1,23,42080,104,6
6,16.9,1.4,0.0,6,13,1,0,42080,104,0
6,15.9,3.9,0.0,17,12,1,1,42080,104,0
6,14.8,1.2,0.0,15,7,1,2,42080,104,0
6,13.6,0.8,0.0,17,18,1,3,42080,104,0
0,13.1,1.2,0.0,13,15,1,4,42080,104,0
0,13.2,0.9,0.0,14,6,1,5,42080,104,0
0,13.1,1.0,0.0,11,2,1,6,42080,104,0
0,12.8,2.0,0.0,11,2,1,7,42080,104,0
0,13.0,1.9,0.0,12,5,1,8,42080,104,3
0,13.6,0.2,0.0,10,3,1,9,42080,104,2
0,14.2,0.0,0.0,14,4,1,10,42080,104,5
0,14.9,0.0,0.0,13,8,1,11,42080,104,8
0,16.1,0.0,0.0,12,6,1,12,42080,104,9
0,16.3,0.0,0.0,11,15,1,13,42080,104,4
0,17.4,0.0,0.0,23,12,1,14,42080,104,4
0,17.0,0.0,0.0,21,14,1,15,42080,104,6
0,16.9,0.2,0.0,20,15,1,16,42080,104,3
0,16.7,0.1,0.0,20,18,1,17,42080,104,8
0,16.3,0.1,0.0,20,13,1,18,42080,104,4
0,16.3,0.0,0.0,18,14,1,19,42080,104,4
0,16.3,0.0,0.0,14,6,1,20,42080,104,4
0,16.5,0.0,0.0,12,8,1,21,42080,104,9
0,16.5,0.0,0.0,12,5,1,22,42080,104,6
0,16.9,0.0,0.0,8,6,1,23,42080,104,1
0,17.0,0.0,0.0,5,1,1,0,42080,104,0
0,17.0,0.0,0.0,4,4,1,1,42080,104,0
0,16.4,0.0,0.0,2,1,1,2,42080,104,0
0,16.4,0.0,0.0,4,1,1,3,42080,104,0
1,16.2,0.1,0.0,4,1,1,4,42080,104,0
1,16.3,0.0,0.0,2,2,1,5,42080,104,0
1,16.3,0.0,0.0,2,3,1,6,42080,104,0
1,16.1,0.0,0.0,4,3,1,7,42080,104,7
1,15.9,0.1,0.0,8,1,1,8,42080,104,9
1,16.0,0.0,0.0,6,2,1,9,42080,104,7
1,16.1,0.0,0.0,4,3,1,10,42080,104,1
1,16.6,0.0,0.0,6,2,1,11,42080,104,7
1,16.3,0.0,0.0,7,2,1,12,42080,104,5
1,16.4,0.0,0.0,6,2,1,13,42080,104,4
1,16.5,0.0,0.0,7,2,1,14,42080,104,2
1,16.0,0.3,0.0,6,1,1,15,42080,104,10
1,16.1,0.0,0.0,0,0,1,16,42080,104,5
1,16.1,0.0,0.0,0,0,1,17,42080,104,0
1,16.0,0.0,0.0,5,3,1,18,42080,104,6
1,16.0,0.0,0.0,4,2,1,19,42080,104,5
1,16.2,0.0,0.0,2,2,1,20,42080,104,6
1,16.3,0.0,0.0,6,5,1,21,42080,104,4
1,16.4,0.0,0.0,4,3,1,22,42080,104,4
1,16.3,0.0,0.0,5,5,1,23,42080,104,3
1,16.3,0.0,0.0,6,4,1,0,42080,104,0
1,16.1,0.0,0.0,5,1,1,1,42080,104,0
1,16.3,0.0,0.0,8,1,1,2,42080,104,0
1,16.2,0.0,0.0,7,2,1,3,42080,104,0
2,16.2,0.0,0.0,6,2,1,4,42080,104,0
2,16.2,0.0,0.0,6,1,1,5,42080,104,0
2,16.3,0.0,0.0,6,1,1,6,42080,104,1
2,16.5,0.0,0.0,7,3,1,7,42080,104,5
2,17.4,0.0,0.0,6,3,1,8,42080,104,12
2,19.2,0.0,0.0,8,2,1,9,42080,104,3
2,22.0,0.0,0.0,12,4,1,10,42080,104,5
2,22.4,0.0,0.0,13,3,1,11,42080,104,5
2,23.2,0.0,0.0,9,2,1,12,42080,104,3
2,24.4,0.0,0.0,7,3,1,13,42080,104,7
2,23.3,0.0,0.0,6,3,1,14,42080,104,10
2,23.7,0.0,0.0,12,1,1,15,42080,104,8
2,23.7,0.0,0.0,12,3,1,16,42080,104,6
2,22.3,0.0,0.0,9,10,1,17,42080,104,7
2,21.2,0.0,0.0,9,4,1,18,42080,104,13
2,20.2,0.0,0.0,12,4,1,19,42080,104,3
2,19.4,0.0,0.0,11,7,1,20,42080,104,6
2,18.9,0.0,0.0,13,7,1,21,42080,104,7
2,18.6,0.0,0.0,17,3,1,22,42080,104,9
2,18.2,0.0,0.0,13,6,1,23,42080,104,4
2,18.0,0.0,0.0,15,4,1,0,42080,104,0
2,17.2,0.0,0.0,16,1,1,1,42080,104,0
2,16.4,0.0,0.0,14,4,1,2,42080,104,0
2,16.0,0.0,0.0,8,6,1,3,42080,104,0
3,16.0,0.0,0.0,7,7,1,4,42080,104,0
3,16.0,0.0,0.0,11,8,1,5,42080,104,0
3,15.7,0.0,0.0,11,7,1,6,42080,104,1
3,15.3,0.0,0.0,7,8,1,7,42080,104,2
3,16.5,0.0,0.0,6,3,1,8,42080,104,9
3,19.3,0.0,0.0,7,2,1,9,42080,104,7
3,21.5,0.0,0.0,17,4,1,10,42080,104,7
3,22.9,0.0,0.0,16,6,1,11,42080,104,11
3,24.3,0.0,0.0,14,5,1,12,42080,104,6
3,24.9,0.0,0.0,9,8,1,13,42080,104,14
3,26.3,0.0,0.0,14,6,1,14,42080,104,6
3,26.0,0.0,0.0,13,2,1,15,42080,104,14
3,25.6,0.0,0.0,9,9,1,16,42080,104,8
3,23.7,0.0,0.0,9,7,1,17,42080,104,4
3,21.9,0.0,0.0,11,7,1,18,42080,104,12
3,20.3,0.0,0.0,10,8,1,19,42080,104,6
3,19.7,0.0,0.0,10,6,1,20,42080,104,6
3,19.0,0.0,0.0,11,6,1,21,42080,104,1
3,18.4,0.0,0.0,12,8,1,22,42080,104,8
3,17.7,0.0,0.0,20,10,1,23,42080,104,0
3,17.1,0.0,0.0,24,13,1,0,42080,104,0
3,16.9,0.0,0.0,23,7,1,1,42080,104,0
3,17.0,0.0,0.0,17,12,1,2,42080,104,0
3,16.8,0.0,0.0,18,17,1,3,42080,104,0
4,16.9,0.0,0.0,20,13,1,4,42080,104,0
4,17.0,0.0,0.0,17,12,1,5,42080,104,0
4,16.9,0.1,0.0,14,13,1,6,42080,104,2
4,17.0,0.0,0.0,18,9,1,7,42080,104,1
4,17.2,0.0,0.0,17,9,1,8,42080,104,6
4,18.2,0.0,0.0,13,15,1,9,42080,104,3
4,19.1,0.0,0.0,22,14,1,10,42080,104,5
4,20.1,0.0,0.0,26,13,1,11,42080,104,1
4,21.0,0.0,0.0,28,15,1,12,42080,104,5
4,21.5,0.0,0.0,29,17,1,13,42080,104,5
4,21.7,0.0,0.0,32,17,1,14,42080,104,7
4,21.6,0.0,0.0,23,17,1,15,42080,104,6
4,20.3,0.0,0.0,26,18,1,16,42080,104,7
4,19.3,0.8,0.0,38,23,1,17,42080,104,5
4,18.8,0.4,0.0,40,28,1,18,42080,104,9
4,18.3,1.3,0.0,34,28,1,19,42080,104,9
4,18.1,0.8,0.0,37,17,1,20,42080,104,4
4,18.0,1.1,0.0,36,23,1,21,42080,104,2
4,17.9,1.1,0.0,36,18,1,22,42080,104,11
4,17.9,1.4,0.0,47,18,1,23,42080,104,0
4,17.6,2.7,0.0,40,13,1,0,42080,104,0
4,17.5,1.6,0.0,46,14,1,1,42080,104,0
4,17.4,1.6,0.0,39,17,1,2,42080,104,0
4,16.1,1.1,0.0,34,14,1,3,42080,104,0
5,15.1,0.4,0.0,24,18,1,4,42080,104,0
5,14.4,0.0,0.0,27,15,1,5,42080,104,0
5,13.5,0.0,0.0,26,18,1,6,42080,104,2
5,13.6,0.1,0.0,19,3,1,7,42080,104,2
5,13.7,0.0,0.0,17,7,1,8,42080,104,4
5,14.4,0.0,0.0,17,10,1,9,42080,104,8
5,15.0,0.0,0.0,14,18,1,10,42080,104,5
5,15.5,0.0,0.0,25,8,1,11,42080,104,11
5,15.7,0.0,0.0,26,7,1,12,42080,104,6
5,15.1,0.0,0.0,22,7,1,13,42080,104,9
5,14.5,0.0,0.0,21,5,1,14,42080,104,8
5,14.4,0.0,0.0,20,1,1,15,42080,104,4
5,12.3,0.0,0.0,15,1,1,16,42080,104,4
5,11.0,0.0,0.0,16,2,1,17,42080,104,9
5,10.1,0.0,0.0,25,1,1,18,42080,104,9
5,9.3,0.0,0.0,24,5,1,19,42080,104,4
5,8.6,0.0,0.0,20,5,1,20,42080,104,3
5,8.0,0.0,0.0,23,4,1,21,42080,104,6
5,6.9,0.0,0.0,23,3,1,22,42080,104,6
5,6.1,0.0,0.0,19,6,1,23,42080,104,1
5,5.4,0.0,0.0,24,8,1,0,42080,104,0
5,4.7,0.0,0.0,20,2,1,1,42080,104,0
5,3.7,0.0,0.0,19,1,1,2,42080,104,0
5,3.0,0.0,0.0,14,10,1,3,42080,104,0
6,2.7,0.0,0.0,18,3,1,4,42080,104,0
6,2.0,0.0,0.0,18,2,1,5,42080,104,0
6,1.0,0.0,0.0,12,5,1,6,42080,104,0
6,0.6,0.0,0.0,15,8,1,7,42080,104,1
6,3.2,0.0,0.0,15,7,1,8,42080,104,6
6,4.9,0.0,0.0,12,12,1,9,42080,104,4
6,6.3,0.0,0.0,18,12,1,10,42080,104,2
6,7.5,0.0,0.0,21,8,1,11,42080,104,6
6,9.1,0.0,0.0,18,9,1,12,42080,104,10
6,10.3,0.0,0.0,14,7,1,13,42080,104,5
6,11.5,0.0,0.0,15,6,1,14,42080,104,4
6,12.8,0.0,0.0,15,3,1,15,42080,104,4
6,11.8,0.0,0.0,13,5,1,16,42080,104,2
6,10.1,0.0,0.0,18,3,1,17,42080,104,5
6,8.2,0.0,0.0,17,6,1,18,42080,104,3
6,6.4,0.0,0.0,26,8,1,19,42080,104,6
6,5.7,0.0,0.0,19,13,1,20,42080,104,5
6,5.3,0.0,0.0,21,6,1,21,42080,104,10
6,4.7,0.0,0.0,17,7,1,22,42080,104,6
6,4.1,0.0,0.0,19,9,1,23,42080,104,0
6,3.5,0.0,0.0,16,10,1,0,42080,104,0
6,3.0,0.0,0.0,10,10,1,1,42080,104,0
6,2.7,0.0,0.0,11,7,1,2,42080,104,0
6,2.3,0.0,0.0,12,10,1,3,42080,104,0
0,1.7,0.0,0.0,11,5,1,4,42080,104,0
0,1.5,0.0,0.0,7,6,1,5,42080,104,0
0,1.6,0.0,0.0,11,9,1,6,42080,104,1
0,1.6,0.0,0.0,13,8,1,7,42080,104,2
0,3.6,0.0,0.0,8,10,1,8,42080,104,6
0,6.8,0.0,0.0,14,11,1,9,42080,104,6
0,9.6,0.0,0.0,28,11,1,10,42080,104,3
0,12.5,0.0,0.0,29,12,1,11,42080,104,8
0,14.4,0.0,0.0,0,0,1,12,42080,104,5
0,15.5,0.0,0.0,25,8,1,13,42080,104,10
0,17.4,0.0,0.0,19,6,1,14,42080,104,7
0,17.3,0.0,0.0,17,3,1,15,42080,104,5
0,17.2,0.0,0.0,16,4,1,16,42080,104,4
0,15.5,0.0,0.0,18,8,1,17,42080,104,5
0,13.8,0.0,0.0,14,4,1,18,42080,104,13
0,12.3,0.0,0.0,14,5,1,19,42080,104,3
0,11.8,0.0,0.0,19,13,1,20,42080,104,4
0,11.0,0.0,0.0,20,16,1,21,42080,104,1
0,10.3,0.0,0.0,18,14,1,22,42080,104,5
0,9.7,0.0,0.0,16,14,1,23,42080,104,3
0,9.7,0.0,0.0,20,15,1,0,42080,104,0
0,9.1,0.0,0.0,16,2,1,1,42080,104,0
0,9.0,0.0,0.0,16,6,1,2,42080,104,0
0,8.8,0.0,0.0,14,11,1,3,42080,104,0
1,8.9,0.0,0.0,12,13,1,4,42080,104,0
1,9.1,0.6,0.0,12,14,1,5,42080,104,0
1,9.2,0.9,0.0,20,21,1,6,42080,104,3
1,9.3,0.8,0.0,21,18,1,7,42080,104,3
1,9.6,0.1,0.0,21,18,1,8,42080,104,8
1,11.0,0.0,0.0,17,25,1,9,42080,104,8
1,13.7,0.0,0.0,12,20,1,10,42080,104,5
1,15.3,0.0,0.0,16,15,1,11,42080,104,11
1,15.8,0.0,0.0,15,15,1,12,42080,104,4
1,13.1,1.2,0.0,20,15,1,13,42080,104,16
1,14.5,0.0,0.0,14,7,1,14,42080,104,3
1,15.2,0.0,0.0,17,6,1,15,42080,104,13
1,15.5,0.0,0.0,16,12,1,16,42080,104,7
1,13.4,0.0,0.0,19,9,1,17,42080,104,3
1,11.7,0.0,0.0,23,17,1,18,42080,104,12
1,10.3,0.0,0.0,24,21,1,19,42080,104,5
1,9.0,0.0,0.0,20,20,1,20,42080,104,10
1,8.3,0.0,0.0,14,14,1,21,42080,104,7
1,8.0,0.0,0.0,18,13,1,22,42080,104,5
1,7.2,0.0,0.0,17,16,1,23,42080,104,3
1,6.8,0.0,0.0,22,13,1,0,42080,104,0
1,6.5,0.0,0.0,17,14,1,1,42080,104,0
1,5.6,0.0,0.0,21,15,1,2,42080,104,0
1,5.1,0.0,0.0,21,16,1,3,42080,104,0
2,4.5,0.0,0.0,23,15,1,4,42080,104,0
2,4.2,0.0,0.0,17,14,1,5,42080,104,0
2,3.8,0.0,0.0,15,12,1,6,42080,104,3
2,3.5,0.0,0.0,21,12,1,7,42080,104,3
2,4.8,0.0,0.0,14,14,1,8,42080,104,11
2,7.8,0.0,0.0,18,13,1,9,42080,104,9
2,10.9,0.0,0.0,22,26,1,10,42080,104,4
2,12.8,0.0,0.0,34,23,1,11,42080,104,6
2,13.4,0.0,0.0,39,22,1,12,42080,104,3
2,15.6,0.0,0.0,33,15,1,13,42080,104,10
2,15.9,0.0,0.0,25,18,1,14,42080,104,3
2,16.0,0.0,0.0,26,8,1,15,42080,104,9
2,15.7,0.0,0.0,21,17,1,16,42080,104,6
2,14.2,0.0,0.0,21,14,1,17,42080,104,8
2,12.4,0.0,0.0,14,11,1,18,42080,104,11
2,10.5,0.0,0.0,14,13,1,19,42080,104,8
2,9.5,0.0,0.0,16,13,1,20,42080,104,7
2,9.3,0.0,0.0,23,23,1,21,42080,104,5
2,8.3,0.0,0.0,28,19,1,22,42080,104,8
2,7.6,0.0,0.0,18,17,1,23,42080,104,0
2,6.9,0.0,0.0,21,18,1,0,42080,104,0
2,6.2,0.0,0.0,25,21,1,1,42080,104,0
2,5.9,0.0,0.0,23,16,1,2,42080,104,0
2,5.6,0.0,0.0,23,20,1,3,42080,104,0
3,5.0,0.0,0.0,22,20,1,4,42080,104,0
3,4.6,0.0,0.0,22,19,1,5,42080,104,0
3,4.4,0.0,0.0,27,21,1,6,42080,104,2
3,4.2,0.0,0.0,27,21,1,7,42080,104,7
3,4.9,0.0,0.0,26,19,1,8,42080,104,7
3,7.4,0.0,0.0,28,20,1,9,42080,104,8
3,9.4,0.0,0.0,31,34,1,10,42080,104,10
3,11.7,0.0,0.0,41,38,1,11,42080,104,4
3,14.2,0.0,0.0,48,32,1,12,42080,104,4
3,15.9,0.0,0.0,40,20,1,13,42080,104,12
3,16.0,0.0,0.0,33,14,1,14,42080,104,5
3,16.2,0.0,0.0,25,13,1,15,42080,104,6
3,16.5,0.0,0.0,29,17,1,16,42080,104,5
3,14.2,0.0,0.0,28,29,1,17,42080,104,6
3,12.3,0.0,0.0,20,21,1,18,42080,104,9
3,10.6,0.0,0.0,17,13,1,19,42080,104,7
3,9.9,0.0,0.0,23,14,1,20,42080,104,3
3,9.1,0.0,0.0,21,24,1,21,42080,104,0
3,8.3,0.0,0.0,34,35,1,22,42080,104,2
3,7.7,0.0,0.0,38,34,1,23,42080,104,0
3,6.8,0.0,0.0,36,32,1,0,42080,104,0
3,6.2,0.0,0.0,35,33,1,1,42080,104,0
3,5.8,0.0,0.0,35,28,1,2,42080,104,0
3,5.3,0.0,0.0,33,28,1,3,42080,104,0
4,4.9,0.0,0.0,29,28,1,4,42080,104,0
4,4.4,0.0,0.0,31,26,1,5,42080,104,0
4,4.0,0.0,0.0,37,22,1,6,42080,104,1
4,3.8,0.0,0.0,34,22,1,7,42080,104,3
4,4.8,0.0,0.0,31,25,1,8,42080,104,7
4,7.7,0.0,0.0,31,28,1,9,42080,104,6
4,11.0,0.0,0.0,32,37,1,10,42080,104,4
4,13.3,0.0,0.0,50,33,1,11,42080,104,5
4,15.3,0.0,0.0,46,27,1,12,42080,104,13
4,16.6,0.0,0.0,39,15,1,13,42080,104,11
4,16.9,0.0,0.0,39,15,1,14,42080,104,8
4,17.1,0.0,0.0,29,12,1,15,42080,104,7
4,16.5,0.0,0.0,27,15,1,16,42080,104,6
4,14.6,0.0,0.0,33,27,1,17,42080,104,6
4,12.8,0.0,0.0,42,28,1,18,42080,104,11
4,11.4,0.0,0.0,37,27,1,19,42080,104,7
4,10.6,0.0,0.0,35,25,1,20,42080,104,6
4,10.0,0.0,0.0,38,24,1,21,42080,104,7
4,9.1,0.0,0.0,34,21,1,22,42080,104,6
4,8.1,0.0,0.0,33,24,1,23,42080,104,3
4,7.5,0.0,0.0,38,22,1,0,42080,104,0
4,6.8,0.0,0.0,30,16,1,1,42080,104,0
4,6.4,0.0,0.0,30,27,1,2,42080,104,0
4,5.8,0.0,0.0,27,22,1,3,42080,104,0
5,5.2,0.0,0.0,24,19,1,4,42080,104,0
5,4.9,0.0,0.0,24,18,1,5,42080,104,0
5,4.4,0.0,0.0,22,16,1,6,42080,104,2
5,4.1,0.0,0.0,25,19,1,7,42080,104,5
5,5.2,0.0,0.0,23,16,1,8,42080,104,7
5,8.9,0.0,0.0,25,31,1,9,42080,104,11
5,11.5,0.0,0.0,32,34,1,10,42080,104,5
5,15.2,0.0,0.0,43,33,1,11,42080,104,8
5,16.9,0.0,0.0,42,24,1,12,42080,104,8
5,17.7,0.0,0.0,29,11,1,13,42080,104,6
5,19.1,0.0,0.0,15,4,1,14,42080,104,8
5,19.7,0.0,0.0,11,3,1,15,42080,104,7
5,18.6,0.0,0.0,16,7,1,16,42080,104,7
5,16.7,0.0,0.0,12,11,1,17,42080,104,11
5,14.6,0.0,0.0,20,13,1,18,42080,104,6
5,12.5,0.0,0.0,20,13,1,19,42080,104,12
5,11.3,0.0,0.0,21,19,1,20,42080,104,3
5,10.3,0.0,0.0,21,15,1,21,42080,104,10
5,9.4,0.0,0.0,22,21,1,22,42080,104,3
5,8.4,0.0,0.0,26,23,1,23,42080,104,0
5,7.8,0.0,0.0,29,21,1,0,42080,104,0
5,7.1,0.0,0.0,27,17,1,1,42080,104,0
5,6.8,0.0,0.0,26,21,1,2,42080,104,0
5,6.4,0.0,0.0,24,21,1,3,42080,104,0
6,6.2,0.0,0.0,23,22,1,4,42080,104,0
6,5.7,0.0,0.0,26,15,1,5,42080,104,0
6,5.5,0.0,0.0,19,20,1,6,42080,104,0
6,5.0,0.0,0.0,26,19,1,7,42080,104,0
6,5.9,0.0,0.0,23,18,1,8,42080,104,3
6,9.4,0.0,0.0,19,0,1,9,42080,104,5
6,12.1,0.0,0.0,26,27,1,10,42080,104,8
6,14.9,0.0,0.0,35,18,1,11,42080,104,7
6,17.0,0.0,0.0,30,17,1,12,42080,104,9
6,18.0,0.0,0.0,22,12,1,13,42080,104,7
6,18.5,0.0,0.0,22,8,1,14,42080,104,14
6,18.8,0.0,0.0,17,13,1,15,42080,104,10
6,18.3,0.0,0.0,23,9,1,16,42080,104,9
6,16.5,0.0,0.0,16,10,1,17,42080,104,12
6,14.7,0.0,0.0,19,14,1,18,42080,104,6
6,13.0,0.0,0.0,26,23,1,19,42080,104,6
6,11.6,0.0,0.0,27,23,1,20,42080,104,0
6,10.6,0.0,0.0,26,21,1,21,42080,104,8
6,9.8,0.0,0.0,27,25,1,22,42080,104,10
6,9.1,0.0,0.0,24,23,1,23,42080,104,3
6,8.1,0.0,0.0,21,24,1,0,42080,104,0
6,7.8,0.0,0.0,23,24,1,1,42080,104,0
6,7.4,0.0,0.0,26,28,1,2,42080,104,0
6,6.9,0.0,0.0,28,23,1,3,42080,104,0
0,6.5,0.0,0.0,24,25,1,4,42080,104,0
0,6.0,0.0,0.0,25,20,1,5,42080,104,0
0,5.8,0.0,0.0,24,26,1,6,42080,104,0
0,5.5,0.0,0.0,28,26,1,7,42080,104,0
0,6.2,0.0,0.0,29,23,1,8,42080,104,7
0,8.4,0.0,0.0,35,35,1,9,42080,104,14
0,11.0,0.0,0.0,35,36,1,10,42080,104,3
0,14.1,0.0,0.0,40,39,1,11,42080,104,11
0,16.0,0.0,0.0,43,38,1,12,42080,104,5
0,16.6,0.0,0.0,34,14,1,13,42080,104,12
0,17.4,0.0,0.0,23,2,1,14,42080,104,10
0,17.7,0.0,0.0,24,12,1,15,42080,104,13
0,17.6,0.0,0.0,27,17,1,16,42080,104,10
0,15.8,0.0,0.0,33,23,1,17,42080,104,6
0,13.7,0.0,0.0,21,15,1,18,42080,104,12
0,12.1,0.0,0.0,23,15,1,19,42080,104,0
0,11.2,0.0,0.0,27,19,1,20,42080,104,5
0,10.2,0.0,0.0,31,25,1,21,42080,104,3
0,9.2,0.0,0.0,32,23,1,22,42080,104,8
0,8.1,0.0,0.0,30,28,1,23,42080,104,5
0,7.4,0.0,0.0,31,21,1,0,42080,104,0
0,6.7,0.0,0.0,31,23,1,1,42080,104,0
0,6.2,0.0,0.0,24,18,1,2,42080,104,0
0,5.8,0.0,0.0,24,24,1,3,42080,104,0
1,5.3,0.0,0.0,23,22,1,4,42080,104,0
1,5.4,0.0,0.0,28,24,1,5,42080,104,0
1,5.2,0.0,0.0,23,16,1,6,42080,104,3
1,5.0,0.0,0.0,24,23,1,7,42080,104,1
1,5.8,0.0,0.0,27,20,1,8,42080,104,8
1,9.1,0.0,0.0,27,19,1,9,42080,104,9
1,11.4,0.0,0.0,41,29,1,10,42080,104,3
1,14.6,0.0,0.0,48,40,1,11,42080,104,6
1,16.4,0.0,0.0,53,37,1,12,42080,104,3
1,17.9,0.0,0.0,46,16,1,13,42080,104,7
1,18.8,0.0,0.0,33,11,1,14,42080,104,5
1,18.7,0.0,0.0,32,7,1,15,42080,104,10
1,18.3,0.0,0.0,31,14,1,16,42080,104,7
1,17.0,0.0,0.0,41,31,1,17,42080,104,6
1,15.5,0.0,0.0,43,37,1,18,42080,104,7
1,14.0,0.0,0.0,38,33,1,19,42080,104,4
1,12.9,0.0,0.0,41,32,1,20,42080,104,11
1,12.3,0.0,0.0,35,31,1,21,42080,104,8
1,12.0,0.0,0.0,37,30,1,22,42080,104,5
1,11.6,0.0,0.0,37,34,1,23,42080,104,1
1,11.2,0.0,0.0,43,32,1,0,42080,104,0
1,10.6,0.0,0.0,34,39,1,1,42080,104,0
1,10.6,0.0,0.0,35,39,1,2,42080,104,0
1,10.5,0.0,0.0,39,33,1,3,42080,104,0
2,10.2,0.0,0.0,33,35,1,4,42080,104,0
2,9.6,0.0,0.0,36,30,1,5,42080,104,0
2,9.3,0.0,0.0,33,31,1,6,42080,104,1
2,8.8,0.0,0.0,36,29,1,7,42080,104,5
2,9.8,0.0,0.0,34,26,1,8,42080,104,9
2,10.9,0.0,0.0,36,23,1,9,42080,104,7
2,14.0,0.0,0.0,40,40,1,10,42080,104,2
2,17.4,0.0,0.0,62,49,1,11,42080,104,7
2,18.3,0.0,0.0,69,52,1,12,42080,104,7
2,19.4,0.0,0.0,75,51,1,13,42080,104,9
2,19.4,0.0,0.0,66,24,1,14,42080,104,10
2,20.2,0.0,0.0,49,8,1,15,42080,104,12
2,19.6,0.0,0.0,27,2,1,16,42080,104,9
2,17.1,0.0,0.0,14,2,1,17,42080,104,7
2,14.7,0.0,0.0,17,11,1,18,42080,104,10
2,12.6,0.0,0.0,17,9,1,19,42080,104,6
2,11.1,0.0,0.0,18,16,1,20,42080,104,4
2,10.9,0.0,0.0,17,7,1,21,42080,104,0
2,9.9,0.0,0.0,24,13,1,22,42080,104,12
2,9.0,0.0,0.0,21,12,1,23,42080,104,6
2,8.2,0.0,0.0,21,11,1,0,42080,104,0
2,7.5,0.0,0.0,19,9,1,1,42080,104,0
2,6.7,0.0,0.0,22,17,1,2,42080,104,0
2,6.3,0.0,0.0,16,16,1,3,42080,104,0
3,5.8,0.0,0.0,19,17,1,4,42080,104,0
3,5.3,0.0,0.0,17,6,1,5,42080,104,0
3,5.1,0.0,0.0,20,10,1,6,42080,104,1
3,4.6,0.0,0.0,13,6,1,7,42080,104,3
3,5.7,0.0,0.0,18,9,1,8,42080,104,9
3,9.2,0.0,0.0,15,16,1,9,42080,104,4
3,13.3,0.0,0.0,26,17,1,10,42080,104,10
3,15.0,0.0,0.0,40,23,1,11,42080,104,6
3,16.7,0.0,0.0,34,18,1,12,42080,104,5
3,17.9,0.0,0.0,28,11,1,13,42080,104,10
3,19.1,0.0,0.0,27,8,1,14,42080,104,7
3,18.9,0.0,0.0,21,10,1,15,42080,104,6
3,19.0,0.0,0.0,18,7,1,16,42080,104,4
3,17.0,0.0,0.0,21,8,1,17,42080,104,11
3,15.1,0.0,0.0,20,11,1,18,42080,104,9
3,13.3,0.0,0.0,20,12,1,19,42080,104,7
3,12.0,0.0,0.0,28,18,1,20,42080,104,4
3,10.9,0.0,0.0,31,22,1,21,42080,104,16
3,9.9,0.0,0.0,29,23,1,22,42080,104,6
3,9.3,0.0,0.0,26,21,1,23,42080,104,0
3,9.1,0.0,0.0,25,21,1,0,42080,104,0
3,8.9,0.0,0.0,26,22,1,1,42080,104,0
3,8.6,0.0,0.0,26,21,1,2,42080,104,0
3,8.4,0.0,0.0,20,19,1,3,42080,104,0
4,7.9,0.0,0.0,16,15,1,4,42080,104,0
4,7.7,0.0,0.0,16,8,1,5,42080,104,0
4,7.5,0.0,0.0,13,9,1,6,42080,104,2
4,7.6,0.0,0.0,12,9,1,7,42080,104,2
4,8.8,0.0,0.0,8,6,1,8,42080,104,9
4,13.1,0.0,0.0,13,14,1,9,42080,104,10
4,16.3,0.0,0.0,22,11,1,10,42080,104,8
4,18.0,0.0,0.0,15,7,1,11,42080,104,11
4,18.5,0.0,0.0,15,1,1,12,42080,104,9
4,19.6,0.0,0.0,16,3,1,13,42080,104,11
4,20.2,0.0,0.0,11,2,1,14,42080,104,9
4,20.4,0.0,0.0,10,1,1,15,42080,104,10
4,20.0,0.0,0.0,15,2,1,16,42080,104,14
4,17.7,0.0,0.0,12,2,1,17,42080,104,6
4,16.1,0.0,0.0,9,6,1,18,42080,104,10
4,15.0,0.0,0.0,10,5,1,19,42080,104,7
4,13.3,0.0,0.0,11,4,1,20,42080,104,5
4,12.2,0.0,0.0,15,11,1,21,42080,104,13
4,12.2,0.0,0.0,15,13,1,22,42080,104,10
4,12.1,0.0,0.0,13,11,1,23,42080,104,3
4,11.3,0.0,0.0,9,5,1,0,42080,104,0
4,10.6,0.0,0.0,10,3,1,1,42080,104,0
4,10.0,0.0,0.0,11,8,1,2,42080,104,0
4,9.6,0.0,0.0,11,12,1,3,42080,104,0
5,9.1,0.0,0.0,10,8,1,4,42080,104,0
5,9.1,0.0,0.0,14,9,1,5,42080,104,0
5,9.1,0.0,0.0,10,6,1,6,42080,104,1
5,8.8,0.0,0.0,12,8,1,7,42080,104,3
5,9.3,0.0,0.0,8,10,1,8,42080,104,4
5,10.6,0.0,0.0,11,10,1,9,42080,104,10
5,12.5,0.0,0.0,12,12,1,10,42080,104,8
5,14.4,0.0,0.0,28,17,1,11,42080,104,3
5,16.0,0.0,0.0,25,11,1,12,42080,104,9
5,17.2,0.0,0.0,22,9,1,13,42080,104,5
5,17.3,0.0,0.0,22,8,1,14,42080,104,8
5,17.7,0.0,0.0,23,10,1,15,42080,104,9
5,17.5,0.0,0.0,20,7,1,16,42080,104,5
5,17.0,0.0,0.0,17,3,1,17,42080,104,4
5,15.3,0.0,0.0,12,7,1,18,42080,104,6
5,13.4,0.0,0.0,16,10,1,19,42080,104,12
5,12.2,0.0,0.0,20,12,1,20,42080,104,4
5,11.3,0.0,0.0,21,15,1,21,42080,104,8
5,10.6,0.0,0.0,15,15,1,22,42080,104,5
5,9.9,0.0,0.0,17,12,1,23,42080,104,1
5,9.3,0.0,0.0,16,11,1,0,42080,104,0
5,8.9,0.0,0.0,17,14,1,1,42080,104,0
5,8.4,0.0,0.0,20,15,1,2,42080,104,0
5,7.9,0.0,0.0,10,16,1,3,42080,104,0
6,7.6,0.0,0.0,20,18,1,4,42080,104,0
6,7.3,0.0,0.0,20,10,1,5,42080,104,0
6,6.9,0.0,0.0,16,14,1,6,42080,104,0
6,6.8,0.0,0.0,13,15,1,7,42080,104,0
6,7.2,0.0,0.0,13,14,1,8,42080,104,6
6,10.2,0.0,0.0,14,15,1,9,42080,104,5
6,13.5,0.0,0.0,22,16,1,10,42080,104,7
6,16.0,0.0,0.0,27,19,1,11,42080,104,5
6,18.6,0.0,0.0,24,11,1,12,42080,104,14
6,20.0,0.0,0.0,27,8,1,13,42080,104,9
6,20.3,0.0,0.0,15,4,1,14,42080,104,3
6,20.6,0.0,0.0,24,8,1,15,42080,104,5
6,21.0,0.0,0.0,15,13,1,16,42080,104,6
6,19.0,0.0,0.0,15,9,1,17,42080,104,3
6,17.0,0.0,0.0,16,9,1,18,42080,104,7
6,15.4,0.0,0.0,20,12,1,19,42080,104,5
6,14.6,0.0,0.0,19,13,1,20,42080,104,9
6,13.6,0.0,0.0,21,17,1,21,42080,104,5
6,12.6,0.0,0.0,22,20,1,22,42080,104,3
6,12.0,0.0,0.0,21,22,1,23,42080,104,2
6,11.6,0.0,0.0,25,17,1,0,42080,104,0
6,11.1,0.0,0.0,21,16,1,1,42080,104,0
6,11.2,0.0,0.0,25,18,1,2,42080,104,0
6,11.0,0.0,0.0,20,17,1,3,42080,104,0
0,10.6,0.0,0.0,20,18,1,4,42080,104,0
0,10.3,0.0,0.0,22,20,1,5,42080,104,0
0,9.9,0.0,0.0,20,13,1,6,42080,104,2
0,9.8,0.0,0.0,14,14,1,7,42080,104,3
0,10.0,0.0,0.0,19,15,1,8,42080,104,8
0,11.4,0.0,0.0,22,12,1,9,42080,104,12
0,15.1,0.0,0.0,38,17,1,10,42080,104,5
0,17.5,0.0,0.0,37,24,1,11,42080,104,6
0,17.7,0.0,0.0,48,25,1,12,42080,104,10
0,19.0,0.0,0.0,34,10,1,13,42080,104,8
0,18.2,0.0,0.0,30,18,1,14,42080,104,7
0,19.5,0.0,0.0,31,17,1,15,42080,104,4
0,18.6,0.0,0.0,35,20,1,16,42080,104,6
0,16.7,0.0,0.0,39,21,1,17,42080,104,7
0,14.7,0.0,0.0,39,19,1,18,42080,104,9
0,13.3,0.0,0.0,34,19,1,19,42080,104,0
0,11.9,0.0,0.0,27,20,1,20,42080,104,8
0,11.7,0.0,0.0,27,21,1,21,42080,104,2
0,10.7,0.0,0.0,26,20,1,22,42080,104,8
0,10.9,0.0,0.0,28,20,1,23,42080,104,7
0,11.1,0.0,0.0,27,18,1,0,42080,104,0
0,11.2,0.0,0.0,25,28,1,1,42080,104,0
0,11.3,0.0,0.0,24,21,1,2,42080,104,0
0,11.0,0.0,0.0,28,20,1,3,42080,104,0
1,10.8,0.0,0.0,26,24,1,4,42080,104,0
1,10.8,0.0,0.0,26,23,1,5,42080,104,0
1,10.3,0.0,0.0,24,18,1,6,42080,104,1
1,9.6,0.0,0.0,22,17,1,7,42080,104,1
1,9.5,0.0,0.0,23,16,1,8,42080,104,14
1,12.1,0.0,0.0,23,11,1,9,42080,104,10
1,13.4,0.0,0.0,40,23,1,10,42080,104,1
1,14.7,0.0,0.0,29,22,1,11,42080,104,10
1,15.7,0.0,0.0,25,14,1,12,42080,104,7
1,16.8,0.0,0.0,25,17,1,13,42080,104,11
1,16.3,0.0,0.0,28,23,1,14,42080,104,6
1,16.6,0.0,0.0,29,13,1,15,42080,104,10
1,17.0,0.0,0.0,27,17,1,16,42080,104,6
1,14.7,0.0,0.0,27,11,1,17,42080,104,7
1,13.0,0.0,0.0,33,24,1,18,42080,104,9
1,11.9,0.0,0.0,36,29,1,19,42080,104,3
1,11.0,0.0,0.0,33,30,1,20,42080,104,11
1,10.8,0.0,0.0,35,22,1,21,42080,104,4
1,10.2,0.0,0.0,23,22,1,22,42080,104,10
1,9.4,0.0,0.0,35,25,1,23,42080,104,7
1,8.5,0.0,0.0,27,19,1,0,42080,104,0
1,8.2,0.0,0.0,28,24,1,1,42080,104,0
1,7.5,0.0,0.0,24,32,1,2,42080,104,0
1,7.1,0.0,0.0,32,25,1,3,42080,104,0
2,6.6,0.0,0.0,29,25,1,4,42080,104,0
2,6.1,0.0,0.0,20,16,1,5,42080,104,0
2,5.8,0.0,0.0,21,17,1,6,42080,104,0
2,5.5,0.0,0.0,22,18,1,7,42080,104,0
2,6.0,0.0,0.0,32,19,1,8,42080,104,9
2,8.2,0.0,0.0,22,19,1,9,42080,104,9
2,11.1,0.0,0.0,40,33,1,10,42080,104,4
2,14.1,0.0,0.0,50,30,1,11,42080,104,7
2,15.8,0.0,0.0,39,23,1,12,42080,104,3
2,16.8,0.0,0.0,43,17,1,13,42080,104,17
2,17.8,0.0,0.0,26,19,1,14,42080,104,6
2,18.4,0.0,0.0,26,14,1,15,42080,104,6
2,17.6,0.0,0.0,29,16,1,16,42080,104,6
2,15.5,0.0,0.0,30,25,1,17,42080,104,10
2,13.9,0.0,0.0,25,23,1,18,42080,104,10
2,12.4,0.0,0.0,40,31,1,19,42080,104,12
2,11.9,0.0,0.0,43,35,1,20,42080,104,6
2,11.0,0.0,0.0,48,35,1,21,42080,104,5
2,10.3,0.0,0.0,48,29,1,22,42080,104,9
2,9.7,0.0,0.0,45,30,1,23,42080,104,0
2,9.1,0.0,0.0,44,33,1,0,42080,104,0
2,9.1,0.0,0.0,43,27,1,1,42080,104,0
2,9.4,0.0,0.0,39,34,1,2,42080,104,0
2,10.0,0.1,0.0,37,34,1,3,42080,104,0
3,9.7,0.0,0.0,42,30,1,4,42080,104,0
3,9.4,0.0,0.0,39,26,1,5,42080,104,0
3,9.1,0.4,0.0,38,25,1,6,42080,104,2
3,8.4,0.0,0.0,38,25,1,7,42080,104,0
3,8.6,0.0,0.0,37,15,1,8,42080,104,14
3,11.0,0.0,0.0,37,21,1,9,42080,104,9
3,13.4,0.0,0.0,37,33,1,10,42080,104,8
3,16.1,0.0,0.0,43,30,1,11,42080,104,13
3,17.5,0.0,0.0,40,14,1,12,42080,104,10
3,18.2,0.0,0.0,29,12,1,13,42080,104,13
3,19.5,0.0,0.0,34,19,1,14,42080,104,9
3,20.1,0.0,0.0,38,23,1,15,42080,104,6
3,18.5,0.0,0.0,49,30,1,16,42080,104,8
3,17.0,0.0,0.0,44,37,1,17,42080,104,13
3,15.9,0.0,0.0,50,29,1,18,42080,104,5
3,15.3,0.0,0.0,40,27,1,19,42080,104,9
3,14.9,0.0,0.0,41,33,1,20,42080,104,5
3,14.6,0.0,0.0,44,36,1,21,42080,104,2
3,13.6,0.0,0.0,48,32,1,22,42080,104,5
3,12.4,0.0,0.0,54,33,1,23,42080,104,0
3,11.6,0.0,0.0,50,32,1,0,42080,104,0
3,10.6,0.0,0.0,49,28,1,1,42080,104,0
3,10.1,0.0,0.0,48,32,1,2,42080,104,0
3,9.4,0.0,0.0,48,25,1,3,42080,104,0
4,8.8,0.0,0.0,48,21,1,4,42080,104,0
4,8.3,0.0,0.0,42,20,1,5,42080,104,0
4,7.9,0.0,0.0,46,19,1,6,42080,104,0
4,7.5,0.0,0.0,46,16,1,7,42080,104,1
4,8.3,0.0,0.0,49,13,1,8,42080,104,8
4,9.5,0.0,0.0,43,23,1,9,42080,104,12
4,10.6,0.0,0.0,50,22,1,10,42080,104,7
4,14.3,0.0,0.0,61,29,1,11,42080,104,8
4,16.8,0.0,0.0,75,46,1,12,42080,104,9
4,18.6,0.0,0.0,74,33,1,13,42080,104,6
4,20.0,0.0,0.0,49,20,1,14,42080,104,12
4,20.1,0.0,0.0,41,16,1,15,42080,104,6
4,19.8,0.0,0.0,0,13,1,16,42080,104,9
4,18.4,0.0,0.0,42,20,1,17,42080,104,6
4,16.8,0.0,0.0,29,21,1,18,42080,104,11
4,15.3,0.0,0.0,29,20,1,19,42080,104,4
4,13.8,0.0,0.0,26,22,1,20,42080,104,3
4,12.8,0.0,0.0,29,26,1,21,42080,104,11
4,12.0,0.0,0.0,38,25,1,22,42080,104,9
4,11.2,0.0,0.0,36,26,1,23,42080,104,7
4,10.6,0.0,0.0,30,24,1,0,42080,104,0
4,10.0,0.0,0.0,33,19,1,1,42080,104,0
4,9.6,0.0,0.0,32,26,1,2,42080,104,0
4,9.1,0.0,0.0,33,26,1,3,42080,104,0
5,8.7,0.0,0.0,34,25,1,4,42080,104,0
5,8.4,0.0,0.0,34,15,1,5,42080,104,0
5,8.0,0.0,0.0,35,16,1,6,42080,104,1
5,7.8,0.0,0.0,30,18,1,7,42080,104,2
5,8.1,0.0,0.0,37,16,1,8,42080,104,4
5,11.0,0.0,0.0,31,10,1,9,42080,104,9
5,14.8,0.0,0.0,39,26,1,10,42080,104,9
5,17.5,0.0,0.0,43,26,1,11,42080,104,10
5,19.7,0.0,0.0,39,16,1,12,42080,104,15
5,20.4,0.0,0.0,38,11,1,13,42080,104,5
5,21.1,0.0,0.0,38,15,1,14,42080,104,9
5,21.5,0.0,0.0,37,12,1,15,42080,104,5
5,20.1,0.0,0.0,39,15,1,16,42080,104,9
5,18.6,0.0,0.0,35,19,1,17,42080,104,14
5,17.0,0.0,0.0,33,15,1,18,42080,104,12
5,15.9,0.0,0.0,34,11,1,19,42080,104,6
5,14.7,0.0,0.0,31,17,1,20,42080,104,3
5,13.5,0.0,0.0,29,21,1,21,42080,104,8
5,12.3,0.0,0.0,28,21,1,22,42080,104,4
5,11.8,0.0,0.0,34,25,1,23,42080,104,0
5,11.3,0.0,0.0,38,16,1,0,42080,104,0
5,11.1,0.0,0.0,28,8,1,1,42080,104,0
5,10.5,0.0,0.0,29,16,1,2,42080,104,0
5,10.5,0.0,0.0,35,22,1,3,42080,104,0
6,9.6,0.0,0.0,30,20,1,4,42080,104,0
6,9.1,0.0,0.0,29,17,1,5,42080,104,0
6,8.8,0.0,0.0,30,17,1,6,42080,104,0
6,8.4,0.0,0.0,27,20,1,7,42080,104,1
6,8.9,0.0,0.0,28,15,1,8,42080,104,6
6,11.7,0.0,0.0,23,12,1,9,42080,104,5
6,15.7,0.0,0.0,27,16,1,10,42080,104,8
6,19.6,0.0,0.0,34,18,1,11,42080,104,5
6,20.8,0.0,0.0,29,6,1,12,42080,104,8
6,21.8,0.0,0.0,18,7,1,13,42080,104,6
6,21.9,0.0,0.0,16,4,1,14,42080,104,5
6,21.3,0.0,0.0,22,2,1,15,42080,104,8
6,20.4,0.0,0.0,18,8,1,16,42080,104,5
6,19.1,0.0,0.0,20,4,1,17,42080,104,10
6,18.1,0.0,0.0,21,4,1,18,42080,104,8
6,17.5,0.0,0.0,26,10,1,19,42080,104,3
6,16.9,0.0,0.0,27,6,1,20,42080,104,9
6,16.4,0.0,0.0,13,7,1,21,42080,104,5
6,15.7,0.0,0.0,11,2,1,22,42080,104,10
6,15.7,0.0,0.0,9,2,1,23,42080,104,2
6,15.5,0.0,0.0,11,2,1,0,42080,104,0
6,15.0,0.0,0.0,10,9,1,1,42080,104,0
6,15.0,0.0,0.0,8,1,1,2,42080,104,0
6,13.9,0.0,0.0,7,8,1,3,42080,104,0
0,13.2,0.0,0.0,9,10,1,4,42080,104,0
0,13.4,0.0,0.0,10,10,1,5,42080,104,0
0,13.8,0.0,0.0,7,8,1,6,42080,104,1
0,13.5,0.0,0.0,9,5,1,7,42080,104,2
0,13.3,0.0,0.0,15,8,1,8,42080,104,8
0,13.1,3.0,0.0,12,13,1,9,42080,104,8
0,11.4,0.0,0.0,6,6,1,10,42080,104,3
0,10.3,0.0,0.0,2,1,1,11,42080,104,7
0,9.3,7.2,0.0,1,1,1,12,42080,104,7
0,9.4,0.0,0.0,2,1,1,13,42080,104,10
0,10.0,0.0,0.0,2,1,1,14,42080,104,8
0,10.5,0.0,0.0,11,3,1,15,42080,104,6
0,10.0,0.0,0.0,15,6,1,16,42080,104,7
0,9.0,0.0,0.0,15,2,1,17,42080,104,5
0,8.7,0.0,0.0,23,3,1,18,42080,104,8
0,8.7,0.0,0.0,13,2,1,19,42080,104,7
0,8.3,0.0,0.0,17,10,1,20,42080,104,9
0,7.1,0.0,0.0,14,4,1,21,42080,104,4
0,6.9,0.0,0.0,10,4,1,22,42080,104,8
0,6.8,0.0,0.0,7,3,1,23,42080,104,3
0,6.3,0.1,0.0,7,2,1,0,42080,104,0
0,6.5,0.0,0.0,7,1,1,1,42080,104,0
0,6.4,0.0,0.0,7,1,1,2,42080,104,0
0,6.6,0.0,0.0,4,1,1,3,42080,104,0
1,6.5,0.0,0.0,11,3,1,4,42080,104,0
1,6.5,0.0,0.0,9,2,1,5,42080,104,0
1,6.3,0.1,0.0,4,1,1,6,42080,104,1
1,6.2,0.0,0.0,1,1,1,7,42080,104,3
1,6.6,0.0,0.0,7,2,1,8,42080,104,16
1,7.5,0.0,0.0,8,3,1,9,42080,104,7
1,9.3,0.0,0.0,13,9,1,10,42080,104,8
1,9.7,0.0,0.0,13,9,1,11,42080,104,10
1,9.5,0.0,0.0,13,6,1,12,42080,104,11
1,7.5,0.0,0.0,19,10,1,13,42080,104,12
1,9.6,0.0,0.0,9,2,1,14,42080,104,10
1,9.8,2.0,0.0,9,2,1,15,42080,104,8
1,9.5,0.0,0.0,15,2,1,16,42080,104,6
1,9.3,0.0,0.0,27,1,1,17,42080,104,7
1,8.4,0.1,0.0,14,1,1,18,42080,104,13
1,7.4,0.0,0.0,13,3,1,19,42080,104,10
1,7.3,0.0,0.0,9,5,1,20,42080,104,6
1,7.2,0.0,0.0,11,6,1,21,42080,104,5
1,7.1,0.0,0.0,21,11,1,22,42080,104,6
1,6.9,0.0,0.0,19,10,1,23,42080,104,0
1,6.1,0.6,0.0,7,6,1,0,42080,104,0
1,5.8,0.0,0.0,12,2,1,1,42080,104,0
1,5.7,0.0,0.0,9,1,1,2,42080,104,0
1,5.0,1.5,0.0,4,1,1,3,42080,104,0
2,4.0,0.0,0.0,1,2,1,4,42080,104,0
2,3.8,0.0,0.0,8,6,1,5,42080,104,0
2,3.7,0.0,0.0,7,6,1,6,42080,104,1
2,3.8,0.0,0.0,13,9,1,7,42080,104,3
2,4.5,0.0,0.0,16,9,1,8,42080,104,11
2,5.6,0.0,0.0,11,3,1,9,42080,104,6
2,5.5,0.0,0.0,11,4,1,10,42080,104,3
2,6.4,0.0,0.0,12,7,1,11,42080,104,5
2,6.3,1.0,0.0,9,5,1,12,42080,104,4
2,6.6,0.0,0.0,9,3,1,13,42080,104,11
2,6.6,0.0,0.0,9,3,1,14,42080,104,5
2,7.1,0.5,0.0,8,4,1,15,42080,104,8
2,7.7,0.0,0.0,6,3,1,16,42080,104,12
2,7.3,0.0,0.0,6,4,1,17,42080,104,11
2,7.0,0.0,0.0,6,10,1,18,42080,104,7
2,6.8,0.0,0.0,6,6,1,19,42080,104,4
2,6.9,0.0,0.0,9,2,1,20,42080,104,5
2,6.5,0.0,0.0,11,8,1,21,42080,104,6
2,6.2,0.0,0.0,8,4,1,22,42080,104,9
2,5.9,0.0,0.0,8,6,1,23,42080,104,3
2,6.0,0.0,0.0,10,3,1,0,42080,104,0
2,6.0,0.0,0.0,12,12,1,1,42080,104,0
2,6.5,0.0,0.0,17,6,1,2,42080,104,0
2,6.2,0.0,0.0,6,4,1,3,42080,104,0
3,6.0,0.0,0.0,6,6,1,4,42080,104,0
3,5.0,0.0,0.0,8,13,1,5,42080,104,0
3,3.7,0.0,0.0,7,5,1,6,42080,104,1
3,3.3,0.0,0.0,6,4,1,7,42080,104,4
3,3.2,0.0,0.0,8,1,1,8,42080,104,11
3,6.6,0.0,0.0,9,3,1,9,42080,104,6
3,7.9,0.0,0.0,13,6,1,10,42080,104,2
3,8.3,0.0,0.0,20,4,1,11,42080,104,3
3,9.1,0.0,0.0,3,5,1,12,42080,104,5
3,8.4,0.0,0.0,12,3,1,13,42080,104,9
3,9.1,0.0,0.0,12,2,1,14,42080,104,5
3,9.5,0.0,0.0,14,7,1,15,42080,104,8
3,10.1,0.0,0.0,21,6,1,16,42080,104,5
3,9.3,0.0,0.0,17,6,1,17,42080,104,3
3,8.2,0.0,0.0,20,4,1,18,42080,104,15
3,7.2,0.0,0.0,18,7,1,19,42080,104,8
3,6.1,0.0,0.0,14,1,1,20,42080,104,11
3,5.4,0.0,0.0,12,4,1,21,42080,104,6
3,4.9,0.0,0.0,19,4,1,22,42080,104,8
3,5.8,0.0,0.0,19,6,1,23,42080,104,6
3,4.9,0.0,0.0,8,4,1,0,42080,104,0
3,4.6,0.0,0.0,8,5,1,1,42080,104,0
3,4.7,0.0,0.0,10,1,1,2,42080,104,0
3,4.3,0.0,0.0,8,4,1,3,42080,104,0
4,4.1,0.0,0.0,9,5,1,4,42080,104,0
4,4.6,0.0,0.0,7,7,1,5,42080,104,0
4,4.4,0.0,0.0,6,7,1,6,42080,104,2
4,3.4,0.0,0.0,20,10,1,7,42080,104,3
4,3.2,0.0,0.0,15,4,1,8,42080,104,12
4,5.9,0.0,0.0,16,12,1,9,42080,104,6
4,8.2,0.0,0.0,20,5,1,10,42080,104,10
4,8.5,0.0,0.0,17,3,1,11,42080,104,6
4,7.9,0.0,0.0,18,3,1,12,42080,104,6
4,7.0,0.0,0.0,17,6,1,13,42080,104,5
4,7.8,0.0,0.0,16,6,1,14,42080,104,4
4,8.5,0.6,0.0,17,5,1,15,42080,104,5
4,8.9,0.0,0.0,13,10,1,16,42080,104,7
4,7.4,0.0,0.0,16,5,1,17,42080,104,7
4,6.2,0.0,0.0,12,2,1,18,42080,104,9
4,6.3,0.0,0.0,17,8,1,19,42080,104,5
4,6.0,0.0,0.0,16,7,1,20,42080,104,9
4,5.8,0.0,0.0,15,8,1,21,42080,104,5
4,4.0,0.0,0.0,18,11,1,22,42080,104,5
4,3.4,0.0,0.0,17,7,1,23,42080,104,2
4,2.8,0.0,0.0,17,12,1,0,42080,104,0
4,2.3,0.0,0.0,16,5,1,1,42080,104,0
4,2.0,0.0,0.0,13,4,1,2,42080,104,0
4,1.7,0.0,0.0,17,8,1,3,42080,104,0
5,1.5,0.0,0.0,17,9,1,4,42080,104,0
5,1.7,0.0,0.0,17,9,1,5,42080,104,0
5,1.4,0.0,0.0,21,10,1,6,42080,104,1
5,1.0,0.0,0.0,14,9,1,7,42080,104,0
5,1.4,0.0,0.0,13,5,1,8,42080,104,6
5,3.8,0.0,0.0,19,9,1,9,42080,104,6
5,6.4,0.0,0.0,25,13,1,10,42080,104,5
5,7.9,0.0,0.0,30,9,1,11,42080,104,6
5,10.9,0.0,0.0,38,11,1,12,42080,104,5
5,14.0,0.0,0.0,30,10,1,13,42080,104,9
5,15.1,0.0,0.0,19,5,1,14,42080,104,5
5,13.9,0.0,0.0,21,5,1,15,42080,104,5
5,14.5,0.0,0.0,27,2,1,16,42080,104,9
5,12.9,0.0,0.0,23,7,1,17,42080,104,3
5,11.8,0.0,0.0,23,5,1,18,42080,104,0
5,10.7,0.0,0.0,16,11,1,19,42080,104,6
5,9.1,0.0,0.0,23,8,1,20,42080,104,3
5,8.1,0.0,0.0,21,9,1,21,42080,104,6
5,7.4,0.0,0.0,27,11,1,22,42080,104,15
5,6.3,0.0,0.0,20,12,1,23,42080,104,3
5,5.9,0.0,0.0,16,10,1,0,42080,104,0
5,5.2,0.0,0.0,18,13,1,1,42080,104,0
5,4.8,0.0,0.0,19,14,1,2,42080,104,0
5,4.2,0.0,0.0,22,12,1,3,42080,104,0
6,4.1,0.0,0.0,22,14,1,4,42080,104,0
6,4.0,0.0,0.0,21,11,1,5,42080,104,0
6,4.2,0.0,0.0,19,12,1,6,42080,104,0
6,4.0,0.0,0.0,19,13,1,7,42080,104,0
6,4.2,0.0,0.0,21,10,1,8,42080,104,8
6,6.6,0.0,0.0,21,2,1,9,42080,104,5
6,10.5,0.0,0.0,32,7,1,10,42080,104,8
6,14.5,0.0,0.0,50,22,1,11,42080,104,10
6,16.2,0.0,0.0,65,16,1,12,42080,104,13
6,17.2,0.0,0.0,69,15,1,13,42080,104,7
6,16.8,0.0,0.0,64,23,1,14,42080,104,15
6,17.1,0.0,0.0,56,20,1,15,42080,104,7
6,16.4,0.0,0.0,69,25,1,16,42080,104,10
6,15.0,0.0,0.0,74,31,1,17,42080,104,10
6,13.5,0.0,0.0,77,33,1,18,42080,104,7
6,12.0,0.0,0.0,75,22,1,19,42080,104,5
6,11.3,0.0,0.0,77,29,1,20,42080,104,7
6,10.7,0.0,0.0,80,26,1,21,42080,104,8
6,9.7,0.0,0.0,80,32,1,22,42080,104,10
6,9.4,0.0,0.0,69,28,1,23,42080,104,1
6,8.7,0.0,0.0,69,28,1,0,42080,104,0
6,8.0,0.0,0.0,61,28,1,1,42080,104,0
6,7.3,0.0,0.0,62,32,1,2,42080,104,0
6,6.5,0.0,0.0,57,27,1,3,42080,104,0
0,6.0,0.0,0.0,56,20,1,4,42080,104,0
0,5.6,0.0,0.0,55,26,1,5,42080,104,0
0,5.2,0.0,0.0,53,21,1,6,42080,104,1
0,4.8,0.0,0.0,49,18,1,7,42080,104,3
0,5.2,0.0,0.0,49,15,1,8,42080,104,7
0,7.1,0.0,0.0,55,25,1,9,42080,104,12
0,10.2,0.0,0.0,84,34,1,10,42080,104,2
0,14.0,0.0,0.0,93,38,1,11,42080,104,5
0,15.5,0.0,0.0,67,21,1,12,42080,104,1
0,16.5,0.0,0.0,54,10,1,13,42080,104,11
0,16.0,0.0,0.0,60,17,1,14,42080,104,7
0,16.1,0.0,0.0,57,15,1,15,42080,104,7
0,15.7,0.0,0.0,61,12,1,16,42080,104,6
0,14.8,0.0,0.0,66,16,1,17,42080,104,3
0,13.1,0.0,0.0,69,35,1,18,42080,104,16
0,11.7,0.0,0.0,69,29,1,19,42080,104,10
0,10.8,0.0,0.0,69,26,1,20,42080,104,6
0,9.8,0.0,0.0,67,27,1,21,42080,104,4
0,8.9,0.0,0.0,63,22,1,22,42080,104,9
0,8.4,0.0,0.0,59,21,1,23,42080,104,0
0,7.6,0.0,0.0,59,21,1,0,42080,104,0
0,6.7,0.0,0.0,53,15,1,1,42080,104,0
0,6.3,0.0,0.0,47,21,1,2,42080,104,0
0,5.8,0.0,0.0,43,18,1,3,42080,104,0
1,5.2,0.0,0.0,43,18,1,4,42080,104,0
1,4.8,0.0,0.0,44,20,1,5,42080,104,0
1,4.6,0.0,0.0,46,13,1,6,42080,104,1
1,4.1,0.0,0.0,38,16,1,7,42080,104,1
1,4.3,0.0,0.0,47,15,1,8,42080,104,6
1,6.1,0.0,0.0,53,9,1,9,42080,104,7
1,9.4,0.0,0.0,67,27,1,10,42080,104,5
1,12.7,0.0,0.0,73,31,1,11,42080,104,10
1,13.6,0.0,0.0,76,29,1,12,42080,104,6
1,14.5,0.0,0.0,45,28,1,13,42080,104,11
1,15.7,0.0,0.0,38,9,1,14,42080,104,7
1,16.3,0.0,0.0,47,11,1,15,42080,104,11
1,14.3,0.0,0.0,56,9,1,16,42080,104,4
1,12.5,0.0,0.0,66,28,1,17,42080,104,4
1,10.5,0.0,0.0,69,21,1,18,42080,104,11
1,9.0,0.0,0.0,67,23,1,19,42080,104,8
1,8.5,0.0,0.0,64,17,1,20,42080,104,6
1,7.6,0.0,0.0,51,21,1,21,42080,104,6
1,6.5,0.0,0.0,59,21,1,22,42080,104,5
1,5.7,0.0,0.0,62,23,1,23,42080,104,7
1,4.9,0.0,0.0,51,17,1,0,42080,104,0
1,4.3,0.0,0.0,53,25,1,1,42080,104,0
1,3.7,0.0,0.0,45,29,1,2,42080,104,0
1,3.3,0.0,0.0,46,22,1,3,42080,104,0
2,2.9,0.0,0.0,42,16,1,4,42080,104,0
2,2.4,0.0,0.0,39,18,1,5,42080,104,0
2,2.1,0.0,0.0,35,18,1,6,42080,104,1
2,1.7,0.0,0.0,38,17,1,7,42080,104,5
2,1.9,0.0,0.0,45,15,1,8,42080,104,8
2,5.3,0.0,0.0,54,14,1,9,42080,104,7
2,8.3,0.0,0.0,69,28,1,10,42080,104,2
2,12.1,0.0,0.0,66,23,1,11,42080,104,7
2,13.2,0.0,0.0,34,20,1,12,42080,104,9
2,14.0,0.0,0.0,27,8,1,13,42080,104,12
2,14.6,0.0,0.0,26,5,1,14,42080,104,10
2,15.2,0.0,0.0,16,1,1,15,42080,104,8
2,15.0,0.0,0.0,18,8,1,16,42080,104,5
2,12.5,0.0,0.0,22,13,1,17,42080,104,6
2,11.6,0.0,0.0,21,8,1,18,42080,104,10
2,10.9,0.0,0.0,27,7,1,19,42080,104,7
2,9.5,0.0,0.0,33,17,1,20,42080,104,11
2,8.8,0.0,0.0,21,11,1,21,42080,104,6
2,7.9,0.0,0.0,32,14,1,22,42080,104,5
2,6.9,0.0,0.0,27,16,1,23,42080,104,4
2,6.6,0.0,0.0,25,16,1,0,42080,104,0
2,6.3,0.0,0.0,27,14,1,1,42080,104,0
2,5.7,0.0,0.0,22,17,1,2,42080,104,0
2,5.2,0.0,0.0,25,17,1,3,42080,104,0
3,4.6,0.0,0.0,24,16,1,4,42080,104,0
3,4.1,0.0,0.0,27,18,1,5,42080,104,0
3,3.7,0.0,0.0,26,14,1,6,42080,104,3
3,3.7,0.0,0.0,24,16,1,7,42080,104,3
3,3.9,0.0,0.0,27,13,1,8,42080,104,7
3,6.0,0.0,0.0,38,22,1,9,42080,104,9
3,9.0,0.0,0.0,57,20,1,10,42080,104,2
3,12.8,0.0,0.0,78,29,1,11,42080,104,4
3,15.5,0.0,0.0,65,22,1,12,42080,104,4
3,16.4,0.0,0.0,64,20,1,13,42080,104,10
3,15.5,0.0,0.0,70,20,1,14,42080,104,1
3,16.0,0.0,0.0,69,18,1,15,42080,104,3
3,15.7,0.0,0.0,63,17,1,16,42080,104,10
3,14.9,0.0,0.0,53,13,1,17,42080,104,8
3,14.0,0.0,0.0,55,15,1,18,42080,104,9
3,13.5,0.0,0.0,59,20,1,19,42080,104,6
3,12.5,0.0,0.0,63,25,1,20,42080,104,4
3,11.6,0.0,0.0,62,30,1,21,42080,104,6
3,11.3,0.0,0.0,63,26,1,22,42080,104,6
3,10.8,0.0,0.0,65,23,1,23,42080,104,1
3,10.3,0.0,0.0,63,22,1,0,42080,104,0
3,9.9,0.0,0.0,56,28,1,1,42080,104,0
3,9.3,0.0,0.0,59,34,1,2,42080,104,0
3,9.0,0.0,0.0,53,28,1,3,42080,104,0
4,8.3,0.0,0.0,48,24,1,4,42080,104,0
4,7.9,0.0,0.0,49,20,1,5,42080,104,0
4,7.3,0.0,0.0,48,17,1,6,42080,104,1
4,7.1,0.0,0.0,40,12,1,7,42080,104,5
4,7.3,0.0,0.0,41,13,1,8,42080,104,13
4,8.9,0.0,0.0,50,11,1,9,42080,104,10
4,11.3,0.0,0.0,76,34,1,10,42080,104,6
4,14.2,0.0,0.0,95,34,1,11,42080,104,5
4,15.3,0.0,0.0,58,27,1,12,42080,104,5
4,17.4,0.0,0.0,53,10,1,13,42080,104,14
4,17.9,0.0,0.0,59,22,1,14,42080,104,8
4,18.3,0.0,0.0,70,21,1,15,42080,104,9
4,17.5,0.0,0.0,60,24,1,16,42080,104,9
4,16.2,0.0,0.0,71,38,1,17,42080,104,7
4,15.0,0.0,0.0,69,42,1,18,42080,104,6
4,14.0,0.0,0.0,70,32,1,19,42080,104,10
4,12.7,0.0,0.0,68,31,1,20,42080,104,7
4,12.1,0.0,0.0,60,30,1,21,42080,104,8
4,11.5,0.0,0.0,72,30,1,22,42080,104,6
4,10.3,0.0,0.0,63,26,1,23,42080,104,2
4,10.2,0.0,0.0,61,29,1,0,42080,104,0
4,10.3,0.0,0.0,55,20,1,1,42080,104,0
4,10.6,0.0,0.0,64,32,1,2,42080,104,0
4,10.5,0.0,0.0,72,37,1,3,42080,104,0
5,9.8,0.0,0.0,63,32,1,4,42080,104,0
5,10.3,0.0,0.0,65,25,1,5,42080,104,0
5,10.2,0.0,0.0,73,17,1,6,42080,104,1
5,10.2,0.0,0.0,68,24,1,7,42080,104,1
5,10.4,0.0,0.0,82,31,1,8,42080,104,3
5,10.9,0.0,0.0,94,32,1,9,42080,104,9
5,11.6,0.0,0.0,99,45,1,10,42080,104,9
5,13.2,0.0,0.0,101,53,1,11,42080,104,10
5,14.4,0.0,0.0,88,57,1,12,42080,104,5
5,15.9,0.0,0.0,90,46,1,13,42080,104,11
5,16.5,0.0,0.0,90,36,1,14,42080,104,5
5,16.8,0.0,0.0,80,31,1,15,42080,104,5
5,16.6,0.0,0.0,83,35,1,16,42080,104,10
5,15.0,0.0,0.0,83,39,1,17,42080,104,9
5,13.3,0.0,0.0,80,51,1,18,42080,104,5
5,12.1,0.0,0.0,94,54,1,19,42080,104,4
5,11.0,0.0,0.0,94,53,1,20,42080,104,7
5,10.1,0.0,0.0,99,57,1,21,42080,104,6
5,9.1,0.0,0.0,108,55,1,22,42080,104,5
5,8.6,0.0,0.0,101,56,1,23,42080,104,4
5,8.3,0.0,0.0,110,46,1,0,42080,104,0
5,7.5,0.0,0.0,111,49,1,1,42080,104,0
5,7.5,0.0,0.0,109,56,1,2,42080,104,0
5,7.2,0.0,0.0,106,47,1,3,42080,104,0
6,6.9,0.0,0.0,107,40,1,4,42080,104,0
6,7.0,0.0,0.0,109,34,1,5,42080,104,0
6,6.9,0.0,0.0,105,29,1,6,42080,104,1
6,6.9,0.0,0.0,101,29,1,7,42080,104,0
6,7.1,0.0,0.0,101,27,1,8,42080,104,8
6,7.9,0.0,0.0,102,35,1,9,42080,104,4
6,9.5,0.0,0.0,102,59,1,10,42080,104,2
6,10.6,0.0,0.0,100,55,1,11,42080,104,6
6,11.9,0.0,0.0,95,50,1,12,42080,104,8
6,13.4,0.0,0.0,83,39,1,13,42080,104,4
6,13.9,0.0,0.0,83,46,1,14,42080,104,4
6,14.7,0.0,0.0,92,42,1,15,42080,104,5
6,15.0,0.0,0.0,86,39,1,16,42080,104,10
6,14.5,0.0,0.0,78,19,1,17,42080,104,9
6,13.4,0.0,0.0,55,25,1,18,42080,104,6
6,12.4,0.0,0.0,58,32,1,19,42080,104,7
6,11.7,0.0,0.0,70,43,1,20,42080,104,2
6,11.6,0.0,0.0,76,44,1,21,42080,104,7
6,11.7,0.0,0.0,80,42,1,22,42080,104,6
6,12.2,0.0,0.0,79,38,1,23,42080,104,4
6,12.6,0.0,0.0,77,38,1,0,42080,104,0
6,12.1,0.0,0.0,79,33,1,1,42080,104,0
6,9.0,0.0,0.0,78,33,1,2,42080,104,0
6,7.7,2.5,0.0,22,7,1,3,42080,104,0
0,7.4,0.0,0.0,11,2,1,4,42080,104,0
0,6.5,0.0,0.0,11,12,1,5,42080,104,0
0,6.5,1.0,0.0,32,16,1,6,42080,104,2
0,6.5,0.0,0.0,54,15,1,7,42080,104,1
0,6.6,0.0,0.0,84,17,1,8,42080,104,11
0,6.6,0.0,0.0,80,17,1,9,42080,104,8
0,6.2,0.0,0.0,71,14,1,10,42080,104,3
0,7.3,0.0,0.0,56,15,1,11,42080,104,4
0,5.9,0.1,0.0,38,7,1,12,42080,104,2
0,7.8,0.0,0.0,24,5,1,13,42080,104,3
0,6.8,0.0,0.0,26,11,1,14,42080,104,5
0,7.8,0.0,0.0,33,8,1,15,42080,104,3
0,5.3,0.0,0.0,27,9,1,16,42080,104,7
0,4.3,0.0,0.0,26,3,1,17,42080,104,7
0,3.4,0.0,0.0,24,6,1,18,42080,104,11
0,2.7,0.0,0.0,25,14,1,19,42080,104,6
0,2.6,0.0,0.0,29,10,1,20,42080,104,5
0,2.5,0.0,0.0,31,10,1,21,42080,104,8
0,2.0,0.0,0.0,27,7,1,22,42080,104,6
0,2.3,0.0,0.0,27,10,1,23,42080,104,2
0,1.9,0.0,0.0,17,8,1,0,42080,104,0
0,1.9,0.0,0.0,14,14,1,1,42080,104,0
0,1.5,0.0,0.0,14,8,1,2,42080,104,0
0,0.7,0.2,0.0,15,12,1,3,42080,104,0
1,0.6,0.0,0.0,26,18,1,4,42080,104,0
1,0.4,0.0,0.0,26,14,1,5,42080,104,0
1,-0.3,0.0,0.0,29,11,1,6,42080,104,2
1,-1.1,0.0,0.0,25,8,1,7,42080,104,1
1,-1.4,0.0,0.0,24,5,1,8,42080,104,8
1,0.5,0.0,0.0,20,2,1,9,42080,104,5
1,2.2,0.0,0.0,28,8,1,10,42080,104,3
1,2.4,0.0,0.0,33,6,1,11,42080,104,10
1,2.3,0.0,0.0,31,8,1,12,42080,104,8
1,2.7,0.0,0.0,28,8,1,13,42080,104,10
1,3.6,0.0,0.0,30,7,1,14,42080,104,5
1,3.7,0.0,0.0,26,5,1,15,42080,104,10
1,3.6,0.0,0.0,21,13,1,16,42080,104,6
1,3.2,0.0,0.0,27,11,1,17,42080,104,9
1,2.8,0.0,0.0,23,10,1,18,42080,104,10
1,2.6,0.0,0.0,23,7,1,19,42080,104,2
1,2.8,0.0,0.0,17,5,1,20,42080,104,8
1,2.0,0.0,0.0,10,2,1,21,42080,104,5
1,2.4,0.0,0.0,14,4,1,22,42080,104,6
1,2.6,0.0,0.0,14,9,1,23,42080,104,8
1,2.8,0.0,0.0,20,13,1,0,42080,104,0
1,2.8,0.0,0.0,18,6,1,1,42080,104,0
1,2.9,0.0,0.0,20,7,1,2,42080,104,0
1,1.8,0.0,0.0,16,7,1,3,42080,104,0
2,1.4,0.0,0.0,13,6,1,4,42080,104,0
2,0.9,0.0,0.0,14,8,1,5,42080,104,0
2,0.2,0.0,0.0,11,8,1,6,42080,104,1
2,0.2,0.0,0.0,15,6,1,7,42080,104,4
2,0.3,0.0,0.0,19,8,1,8,42080,104,15
2,3.4,0.0,0.0,16,15,1,9,42080,104,6
2,6.3,0.0,0.0,0,0,1,10,42080,104,6
2,8.5,0.0,0.0,0,0,1,11,42080,104,8
2,10.7,0.0,0.0,21,9,1,12,42080,104,7
2,11.9,0.0,0.0,29,12,1,13,42080,104,12
2,12.1,0.0,0.0,34,6,1,14,42080,104,8
2,11.8,0.0,0.0,34,7,1,15,42080,104,7
2,11.5,0.0,0.0,31,5,1,16,42080,104,9
2,10.1,0.0,0.0,25,7,1,17,42080,104,6
2,8.7,0.0,0.0,22,6,1,18,42080,104,11
2,7.9,0.0,0.0,23,5,1,19,42080,104,4
2,7.5,0.0,0.0,19,8,1,20,42080,104,3
2,6.9,0.0,0.0,27,13,1,21,42080,104,5
2,5.2,0.0,0.0,31,12,1,22,42080,104,7
2,5.1,0.0,0.0,32,11,1,23,42080,104,8
2,5.3,0.0,0.0,29,14,1,0,42080,104,0
2,5.8,0.0,0.0,35,15,1,1,42080,104,0
2,6.4,0.0,0.0,47,17,1,2,42080,104,0
2,6.7,0.0,0.0,34,16,1,3,42080,104,0
3,7.2,0.0,0.0,39,15,1,4,42080,104,0
3,7.5,0.0,0.0,42,7,1,5,42080,104,0
3,7.2,0.0,0.0,34,11,1,6,42080,104,1
3,6.8,0.0,0.0,38,14,1,7,42080,104,4
3,6.6,0.0,0.0,42,14,1,8,42080,104,12
3,8.0,0.0,0.0,46,12,1,9,42080,104,9
3,10.8,0.0,0.0,48,21,1,10,42080,104,3
3,12.7,0.0,0.0,66,27,1,11,42080,104,4
3,14.2,0.0,0.0,69,21,1,12,42080,104,7
3,14.9,0.0,0.0,60,15,1,13,42080,104,9
3,15.4,0.0,0.0,53,13,1,14,42080,104,5
3,14.1,0.0,0.0,53,12,1,15,42080,104,6
3,13.4,0.0,0.0,52,11,1,16,42080,104,8
3,11.4,0.0,0.0,49,10,1,17,42080,104,8
3,9.6,0.0,0.0,47,18,1,18,42080,104,7
3,8.0,0.0,0.0,52,19,1,19,42080,104,10
3,6.9,0.0,0.0,53,27,1,20,42080,104,7
3,5.7,0.0,0.0,65,26,1,21,42080,104,5
3,5.0,0.0,0.0,68,21,1,22,42080,104,10
3,4.7,0.0,0.0,64,23,1,23,42080,104,5
3,4.0,0.0,0.0,65,22,1,0,42080,104,0
3,3.3,0.0,0.0,63,24,1,1,42080,104,0
3,2.6,0.0,0.0,57,21,1,2,42080,104,0
3,2.1,0.0,0.0,44,23,1,3,42080,104,0
4,1.9,0.0,0.0,47,17,1,4,42080,104,0
4,1.7,0.0,0.0,42,17,1,5,42080,104,0
4,1.3,0.0,0.0,40,13,1,6,42080,104,1
4,0.4,0.0,0.0,36,16,1,7,42080,104,2
4,-0.1,0.0,0.0,34,12,1,8,42080,104,14
4,2.8,0.0,0.0,31,5,1,9,42080,104,11
4,5.6,0.0,0.0,35,16,1,10,42080,104,4
4,8.0,0.0,0.0,42,13,1,11,42080,104,6
4,9.6,0.0,0.0,31,10,1,12,42080,104,5
4,9.7,0.0,0.0,13,3,1,13,42080,104,10
4,10.9,0.0,0.0,19,4,1,14,42080,104,6
4,11.3,0.0,0.0,18,3,1,15,42080,104,6
4,11.1,0.0,0.0,23,8,1,16,42080,104,5
4,9.8,0.0,0.0,27,7,1,17,42080,104,9
4,8.5,0.0,0.0,33,10,1,18,42080,104,11
4,7.2,0.0,0.0,30,17,1,19,42080,104,6
4,5.8,0.0,0.0,30,15,1,20,42080,104,5
4,4.5,0.0,0.0,42,17,1,21,42080,104,8
4,4.4,0.0,0.0,43,17,1,22,42080,104,5
4,3.7,0.0,0.0,35,14,1,23,42080,104,0
4,3.2,0.0,0.0,34,19,1,0,42080,104,0
4,2.4,0.0,0.0,36,16,1,1,42080,104,0
4,1.6,0.0,0.0,36,20,1,2,42080,104,0
4,1.3,0.0,0.0,30,20,1,3,42080,104,0
5,0.5,0.0,0.0,30,18,1,4,42080,104,0
5,0.3,0.0,0.0,27,16,1,5,42080,104,0
5,0.2,0.0,0.0,36,15,1,6,42080,104,0
5,-0.2,0.0,0.0,38,17,1,7,42080,104,0
5,-0.1,0.0,0.0,34,14,1,8,42080,104,4
5,2.1,0.0,0.0,30,11,1,9,42080,104,5
5,5.7,0.0,0.0,34,20,1,10,42080,104,6
5,6.3,0.0,0.0,43,22,1,11,42080,104,5
5,7.5,0.0,0.0,41,13,1,12,42080,104,12
5,9.5,0.0,0.0,27,14,1,13,42080,104,7
5,10.3,0.0,0.0,30,12,1,14,42080,104,5
5,11.1,0.0,0.0,31,8,1,15,42080,104,5
5,10.8,0.0,0.0,29,13,1,16,42080,104,5
5,8.6,0.0,0.0,26,13,1,17,42080,104,9
5,6.4,0.0,0.0,29,18,1,18,42080,104,3
5,5.4,0.0,0.0,32,13,1,19,42080,104,0
5,3.7,0.0,0.0,37,17,1,20,42080,104,0
5,2.8,0.0,0.0,34,21,1,21,42080,104,5
5,1.9,0.0,0.0,31,19,1,22,42080,104,4
5,1.2,0.0,0.0,36,18,1,23,42080,104,3
5,0.8,0.0,0.0,34,16,1,0,42080,104,0
5,0.0,0.0,0.0,34,18,1,1,42080,104,0
5,-0.7,0.0,0.0,37,16,1,2,42080,104,0
5,-1.0,0.0,0.0,29,21,1,3,42080,104,0
6,-1.2,0.0,0.0,33,18,1,4,42080,104,0
6,-1.6,0.0,0.0,33,16,1,5,42080,104,0
6,-1.9,0.0,0.0,26,21,1,6,42080,104,0
6,-2.1,0.0,0.0,32,17,1,7,42080,104,0
6,-1.9,0.0,0.0,32,15,1,8,42080,104,5
6,0.5,0.0,0.0,34,15,1,9,42080,104,4
6,4.2,0.0,0.0,34,18,1,10,42080,104,4
6,7.7,0.0,0.0,44,23,1,11,42080,104,8
6,9.1,0.0,0.0,37,19,1,12,42080,104,9
6,11.5,0.0,0.0,43,16,1,13,42080,104,6
6,14.3,0.0,0.0,37,10,1,14,42080,104,4
6,13.4,0.0,0.0,24,2,1,15,42080,104,4
6,12.4,0.0,0.0,20,5,1,16,42080,104,4
6,11.3,0.0,0.0,18,3,1,17,42080,104,8
6,10.0,0.0,0.0,22,4,1,18,42080,104,6
6,8.6,0.0,0.0,21,5,1,19,42080,104,6
6,7.0,0.0,0.0,25,10,1,20,42080,104,5
6,6.0,0.0,0.0,29,17,1,21,42080,104,9
6,5.2,0.0,0.0,30,14,1,22,42080,104,5
6,3.9,0.0,0.0,26,21,1,23,42080,104,4
6,3.4,0.0,0.0,32,17,1,0,42080,104,0
6,2.7,0.0,0.0,31,8,1,1,42080,104,0
6,2.0,0.0,0.0,34,19,1,2,42080,104,0
6,1.4,0.0,0.0,32,22,1,3,42080,104,0
0,0.9,0.0,0.0,31,19,1,4,42080,104,0
0,0.5,0.0,0.0,30,18,1,5,42080,104,0
0,0.0,0.0,0.0,28,16,1,6,42080,104,4
0,-0.3,0.0,0.0,29,16,1,7,42080,104,1
0,-0.3,0.0,0.0,30,13,1,8,42080,104,8
0,2.3,0.0,0.0,32,7,1,9,42080,104,9
0,5.1,0.0,0.0,44,25,1,10,42080,104,4
0,7.5,0.0,0.0,53,28,1,11,42080,104,10
0,11.1,0.0,0.0,61,27,1,12,42080,104,14
0,12.3,0.0,0.0,59,13,1,13,42080,104,7
0,12.3,0.0,0.0,21,6,1,14,42080,104,8
0,12.3,0.0,0.0,23,8,1,15,42080,104,5
0,12.6,0.0,0.0,33,8,1,16,42080,104,10
0,12.0,0.0,0.0,31,13,1,17,42080,104,7
0,10.9,0.0,0.0,31,12,1,18,42080,104,8
0,9.7,0.0,0.0,28,15,1,19,42080,104,4
0,8.4,0.0,0.0,33,16,1,20,42080,104,7
0,7.2,0.0,0.0,35,17,1,21,42080,104,2
0,6.3,0.0,0.0,38,16,1,22,42080,104,5
0,5.7,0.0,0.0,36,19,1,23,42080,104,0
0,5.2,0.0,0.0,38,24,1,0,42080,104,0
0,4.8,0.0,0.0,42,19,1,1,42080,104,0
0,4.4,0.0,0.0,41,21,1,2,42080,104,0
0,4.4,0.0,0.0,34,21,1,3,42080,104,0
1,4.5,0.0,0.0,29,15,1,4,42080,104,0
1,4.8,0.0,0.0,31,17,1,5,42080,104,0
1,5.1,0.0,0.0,32,13,1,6,42080,104,3
1,5.7,0.0,0.0,31,17,1,7,42080,104,5
1,6.0,0.0,0.0,29,12,1,8,42080,104,8
1,6.6,10.4,0.0,20,10,1,9,42080,104,4
1,7.1,0.0,0.0,19,10,1,10,42080,104,4
1,7.5,0.0,0.0,16,12,1,11,42080,104,5
1,8.5,6.8,0.0,24,13,1,12,42080,104,5
1,9.5,0.0,0.0,28,15,1,13,42080,104,5
1,9.6,0.0,0.0,14,3,1,14,42080,104,5
1,9.8,2.8,0.0,8,2,1,15,42080,104,5
1,8.9,0.0,0.0,7,1,1,16,42080,104,3
1,8.0,0.0,0.0,4,3,1,17,42080,104,7
1,6.2,0.6,0.0,14,12,1,18,42080,104,11
1,5.7,0.0,0.0,17,10,1,19,42080,104,4
1,5.2,0.0,0.0,23,11,1,20,42080,104,5
1,4.7,0.1,0.0,17,6,1,21,42080,104,4
1,3.6,0.0,0.0,19,9,1,22,42080,104,3
1,3.4,0.0,0.0,18,5,1,23,42080,104,6
1,3.3,0.0,0.0,12,7,1,0,42080,104,0
1,3.1,0.0,0.0,16,11,1,1,42080,104,0
1,2.7,0.0,0.0,23,14,1,2,42080,104,0
1,2.5,0.0,0.0,19,14,1,3,42080,104,0
2,2.1,0.0,0.0,25,11,1,4,42080,104,0
2,2.0,0.0,0.0,20,9,1,5,42080,104,0
2,1.6,0.0,0.0,23,8,1,6,42080,104,1
2,0.7,0.0,0.0,22,7,1,7,42080,104,1
2,1.0,0.0,0.0,17,5,1,8,42080,104,11
2,1.5,0.0,0.0,14,1,1,9,42080,104,1
2,2.1,0.0,0.0,14,5,1,10,42080,104,3
2,2.9,0.0,0.0,12,7,1,11,42080,104,7
2,3.0,0.0,0.0,16,9,1,12,42080,104,5
2,2.5,0.0,0.0,15,3,1,13,42080,104,6
2,2.7,0.0,0.0,15,7,1,14,42080,104,6
2,2.1,0.0,0.0,16,7,1,15,42080,104,4
2,2.3,0.0,0.0,12,8,1,16,42080,104,5
2,1.4,0.0,0.0,13,3,1,17,42080,104,3
2,0.7,0.0,0.0,11,3,1,18,42080,104,11
2,-0.2,0.0,0.0,12,4,1,19,42080,104,4
2,-1.2,0.0,0.0,12,9,1,20,42080,104,3
2,-1.7,0.0,0.0,15,9,1,21,42080,104,4
2,-1.9,0.0,0.0,22,15,1,22,42080,104,3
2,-2.3,0.0,0.0,15,4,1,23,42080,104,5
2,-2.4,0.0,0.0,18,11,1,0,42080,104,0
2,-2.6,0.0,0.0,11,12,1,1,42080,104,0
2,-3.2,0.0,0.0,15,6,1,2,42080,104,0
2,-3.1,0.0,0.0,15,10,1,3,42080,104,0
3,-3.8,0.0,0.0,15,16,1,4,42080,104,0
3,-4.0,0.0,0.0,9,5,1,5,42080,104,0
3,-3.2,0.0,0.0,13,10,1,6,42080,104,1
3,-3.0,0.0,0.0,13,8,1,7,42080,104,4
3,-2.6,0.0,0.0,16,10,1,8,42080,104,2
3,-1.4,0.0,0.0,16,3,1,9,42080,104,3
3,2.2,0.0,0.0,17,9,1,10,42080,104,0
3,3.2,0.0,0.0,27,12,1,11,42080,104,2
3,5.5,0.0,0.0,36,10,1,12,42080,104,4
3,7.1,0.0,0.0,35,9,1,13,42080,104,1
3,7.8,0.0,0.0,25,4,1,14,42080,104,3
3,8.1,0.0,0.0,20,4,1,15,42080,104,4
3,7.2,0.0,0.0,18,6,1,16,42080,104,8
3,6.0,0.0,0.0,19,7,1,17,42080,104,5
3,5.3,0.0,0.0,20,12,1,18,42080,104,7
3,5.0,0.0,0.0,24,10,1,19,42080,104,6
3,4.5,0.0,0.0,22,7,1,20,42080,104,3
3,4.5,0.0,0.0,24,10,1,21,42080,104,6
3,4.9,0.0,0.0,18,3,1,22,42080,104,6
3,5.2,0.0,0.0,25,8,1,23,42080,104,3
3,5.2,0.1,0.0,14,8,1,0,42080,104,0
3,5.1,0.0,0.0,13,17,1,1,42080,104,0
3,5.1,0.0,0.0,18,13,1,2,42080,104,0
3,5.0,0.6,0.0,24,9,1,3,42080,104,0
4,4.8,0.0,0.0,22,11,1,4,42080,104,0
4,5.0,0.0,0.0,27,13,1,5,42080,104,0
4,5.2,0.0,0.0,31,14,1,6,42080,104,1
4,4.1,0.0,0.0,36,16,1,7,42080,104,2
4,3.1,0.0,0.0,24,12,1,8,42080,104,8
4,4.2,1.0,0.0,20,9,1,9,42080,104,3
4,6.2,0.0,0.0,21,13,1,10,42080,104,7
4,6.9,0.0,0.0,25,14,1,11,42080,104,4
4,8.3,0.0,0.0,30,13,1,12,42080,104,4
4,8.2,0.0,0.0,36,9,1,13,42080,104,3
4,8.5,0.0,0.0,34,10,1,14,42080,104,8
4,7.6,0.0,0.0,27,2,1,15,42080,104,4
4,5.8,0.0,0.0,26,4,1,16,42080,104,5
4,4.2,0.0,0.0,16,4,1,17,42080,104,11
4,3.0,0.0,0.0,13,2,1,18,42080,104,6
4,1.9,0.0,0.0,14,3,1,19,42080,104,4
4,2.0,0.0,0.0,16,4,1,20,42080,104,4
4,1.5,0.0,0.0,8,6,1,21,42080,104,6
4,0.9,0.0,0.0,17,5,1,22,42080,104,10
4,0.2,0.0,0.0,12,3,1,23,42080,104,4
4,1.4,0.0,0.0,12,4,1,0,42080,104,0
4,0.6,0.0,0.0,13,15,1,1,42080,104,0
4,-0.1,0.0,0.0,13,5,1,2,42080,104,0
4,-0.6,0.0,0.0,12,1,1,3,42080,104,0
5,-0.8,0.0,0.0,11,5,1,4,42080,104,0
5,-0.9,0.0,0.0,14,6,1,5,42080,104,0
5,-2.0,0.0,0.0,13,12,1,6,42080,104,2
5,-2.4,0.0,0.0,17,10,1,7,42080,104,1
5,-2.1,0.0,0.0,16,9,1,8,42080,104,5
5,0.5,0.0,0.0,12,15,1,9,42080,104,9
5,2.2,0.0,0.0,22,10,1,10,42080,104,10
5,2.8,0.0,0.0,31,14,1,11,42080,104,10
5,3.3,0.0,0.0,22,6,1,12,42080,104,8
5,3.5,0.0,0.0,24,9,1,13,42080,104,7
5,3.0,0.0,0.0,27,9,1,14,42080,104,6
5,2.9,0.1,0.0,25,7,1,15,42080,104,5
5,3.1,0.0,0.0,24,9,1,16,42080,104,7
5,2.9,0.0,0.0,33,6,1,17,42080,104,5
5,1.9,0.0,0.0,28,8,1,18,42080,104,4
5,0.9,0.0,0.0,27,16,1,19,42080,104,3
5,0.1,0.0,0.0,29,14,1,20,42080,104,3
5,-0.2,0.0,0.0,28,12,1,21,42080,104,3
5,-0.7,0.0,0.0,30,12,1,22,42080,104,3
5,-1.2,0.0,0.0,29,11,1,23,42080,104,2
5,-1.4,0.0,0.0,24,17,1,0,42080,104,0
5,-1.6,0.0,0.0,29,13,1,1,42080,104,0
5,-1.9,0.0,0.0,28,13,1,2,42080,104,0
5,-2.3,0.0,0.0,25,14,1,3,42080,104,0
6,-2.5,0.0,0.0,26,12,1,4,42080,104,0
6,-2.9,0.0,0.0,26,13,1,5,42080,104,0
6,-3.1,0.0,0.0,22,11,1,6,42080,104,0
6,-3.1,0.0,0.0,24,13,1,7,42080,104,0
6,-3.2,0.0,0.0,32,10,1,8,42080,104,7
6,-1.6,0.0,0.0,28,11,1,9,42080,104,4
6,-0.5,0.0,0.0,30,15,1,10,42080,104,2
6,1.8,0.0,0.0,37,17,1,11,42080,104,7
6,5.2,0.0,0.0,36,22,1,12,42080,104,10
6,7.2,0.0,0.0,35,11,1,13,42080,104,4
6,8.5,0.0,0.0,34,16,1,14,42080,104,1
6,10.1,0.0,0.0,22,8,1,15,42080,104,3
6,9.4,0.0,0.0,27,4,1,16,42080,104,10
6,7.6,0.0,0.0,29,7,1,17,42080,104,4
6,5.9,0.0,0.0,23,15,1,18,42080,104,5
6,4.4,0.0,0.0,34,13,1,19,42080,104,3
6,3.2,0.0,0.0,41,21,1,20,42080,104,8
6,2.5,0.0,0.0,35,17,1,21,42080,104,8
6,1.8,0.0,0.0,36,14,1,22,42080,104,7
6,1.1,0.0,0.0,25,17,1,23,42080,104,0
6,0.4,0.0,0.0,32,15,1,0,42080,104,0
6,-0.1,0.0,0.0,30,18,1,1,42080,104,0
6,-0.5,0.0,0.0,36,20,1,2,42080,104,0
6,-0.9,0.0,0.0,28,20,1,3,42080,104,0
0,-0.4,0.0,0.0,25,16,1,4,42080,104,0
0,-0.2,0.0,0.0,28,15,1,5,42080,104,0
0,-0.4,0.0,0.0,29,16,1,6,42080,104,2
0,-0.6,0.0,0.0,34,16,1,7,42080,104,2
0,-0.5,0.0,0.0,37,18,1,8,42080,104,6
0,0.5,0.0,0.0,40,22,1,9,42080,104,15
0,4.4,0.0,0.0,52,24,1,10,42080,104,5
0,5.3,0.0,0.0,58,32,1,11,42080,104,4
0,6.6,0.0,0.0,62,25,1,12,42080,104,5
0,8.3,0.0,0.0,62,27,1,13,42080,104,17
0,10.7,0.0,0.0,53,23,1,14,42080,104,13
0,11.5,0.0,0.0,52,16,1,15,42080,104,12
0,11.8,0.0,0.0,39,17,1,16,42080,104,6
0,10.3,0.0,0.0,31,16,1,17,42080,104,7
0,8.7,0.0,0.0,31,16,1,18,42080,104,10
0,7.6,0.0,0.0,42,19,1,19,42080,104,5
0,6.5,0.0,0.0,56,19,1,20,42080,104,7
0,5.8,0.0,0.0,57,21,1,21,42080,104,5
0,5.2,0.0,0.0,52,22,1,22,42080,104,5
0,4.2,0.0,0.0,48,24,1,23,42080,104,1
0,3.7,0.0,0.0,51,20,1,0,42080,104,0
0,2.8,0.0,0.0,45,21,1,1,42080,104,0
0,2.2,0.0,0.0,46,25,1,2,42080,104,0
0,1.6,0.0,0.0,42,23,1,3,42080,104,0
1,1.1,0.0,0.0,42,24,1,4,42080,104,0
1,0.7,0.0,0.0,40,13,1,5,42080,104,0
1,0.1,0.0,0.0,42,16,1,6,42080,104,1
1,-0.1,0.0,0.0,43,20,1,7,42080,104,3
1,0.0,0.0,0.0,47,14,1,8,42080,104,11
1,1.3,0.0,0.0,50,25,1,9,42080,104,16
1,4.4,0.0,0.0,66,36,1,10,42080,104,4
1,7.4,0.0,0.0,79,35,1,11,42080,104,7
1,9.1,0.0,0.0,79,36,1,12,42080,104,7
1,11.0,0.0,0.0,49,25,1,13,42080,104,18
1,12.0,0.0,0.0,52,17,1,14,42080,104,7
1,12.6,0.0,0.0,57,19,1,15,42080,104,5
1,11.9,0.0,0.0,65,20,1,16,42080,104,6
1,10.6,0.0,0.0,0,0,1,17,42080,104,3
1,9.0,0.0,0.0,0,0,1,18,42080,104,10
1,7.6,0.0,0.0,77,50,1,19,42080,104,2
1,6.7,0.0,0.0,82,39,1,20,42080,104,6
1,5.9,0.0,0.0,75,32,1,21,42080,104,4
1,5.7,0.0,0.0,85,34,1,22,42080,104,3
1,4.7,0.0,0.0,85,36,1,23,42080,104,8
1,3.6,0.0,0.0,87,37,1,0,42080,104,0
1,3.1,0.0,0.0,83,47,1,1,42080,104,0
1,2.6,0.0,0.0,78,51,1,2,42080,104,0
1,2.0,0.0,0.0,73,37,1,3,42080,104,0
2,1.4,0.0,0.0,77,32,1,4,42080,104,0
2,1.1,0.0,0.0,70,26,1,5,42080,104,0
2,0.7,0.0,0.0,70,25,1,6,42080,104,0
2,0.4,0.0,0.0,67,23,1,7,42080,104,2
2,0.2,0.0,0.0,63,20,1,8,42080,104,13
2,1.7,0.0,0.0,70,18,1,9,42080,104,11
2,4.4,0.0,0.0,81,39,1,10,42080,104,6
2,7.7,0.0,0.0,108,50,1,11,42080,104,10
2,10.0,0.0,0.0,96,48,1,12,42080,104,3
2,12.1,0.0,0.0,72,42,1,13,42080,104,11
2,12.7,0.0,0.0,42,18,1,14,42080,104,10
2,12.4,0.0,0.0,40,11,1,15,42080,104,6
2,12.6,0.0,0.0,27,3,1,16,42080,104,9
2,11.1,0.0,0.0,25,17,1,17,42080,104,5
2,9.2,0.0,0.0,37,23,1,18,42080,104,12
2,7.9,0.0,0.0,47,27,1,19,42080,104,3
2,6.7,0.0,0.0,48,19,1,20,42080,104,3
2,5.2,0.0,0.0,48,22,1,21,42080,104,7
2,4.8,0.0,0.0,46,23,1,22,42080,104,5
2,4.1,0.0,0.0,48,23,1,23,42080,104,6
2,3.7,0.0,0.0,42,17,1,0,42080,104,0
2,3.2,0.0,0.0,48,12,1,1,42080,104,0
2,2.7,0.0,0.0,39,25,1,2,42080,104,0
2,2.1,0.0,0.0,40,24,1,3,42080,104,0
3,1.6,0.0,0.0,44,18,1,4,42080,104,0
3,1.2,0.0,0.0,37,15,1,5,42080,104,0
3,0.7,0.0,0.0,39,17,1,6,42080,104,4
3,0.4,0.0,0.0,41,16,1,7,42080,104,0
3,0.5,0.0,0.0,35,16,1,8,42080,104,11
3,1.7,0.0,0.0,36,13,1,9,42080,104,18
3,4.9,0.0,0.0,47,27,1,10,42080,104,8
3,8.5,0.0,0.0,56,26,1,11,42080,104,11
3,9.3,0.0,0.0,42,25,1,12,42080,104,8
3,10.1,0.0,0.0,43,15,1,13,42080,104,16
3,11.0,0.0,0.0,39,11,1,14,42080,104,8
3,10.9,0.0,0.0,39,11,1,15,42080,104,9
3,10.9,0.0,0.0,39,8,1,16,42080,104,5
3,10.1,0.0,0.0,41,2,1,17,42080,104,7
3,9.3,0.0,0.0,36,11,1,18,42080,104,14
3,8.6,0.0,0.0,30,13,1,19,42080,104,7
3,7.3,0.0,0.0,41,16,1,20,42080,104,5
3,6.4,0.0,0.0,46,18,1,21,42080,104,6
3,5.7,0.0,0.0,37,20,1,22,42080,104,9
3,5.0,0.0,0.0,37,13,1,23,42080,104,3
3,4.1,0.0,0.0,28,13,1,0,42080,104,0
3,3.8,0.0,0.0,24,13,1,1,42080,104,0
3,3.5,0.0,0.0,27,17,1,2,42080,104,0
3,3.8,0.0,0.0,30,20,1,3,42080,104,0
4,3.9,0.0,0.0,34,16,1,4,42080,104,0
4,4.0,0.0,0.0,26,16,1,5,42080,104,0
4,4.2,0.0,0.0,29,11,1,6,42080,104,1
4,4.5,0.0,0.0,27,14,1,7,42080,104,2
4,4.9,0.0,0.0,29,17,1,8,42080,104,6
4,5.3,0.4,0.0,30,16,1,9,42080,104,11
4,5.8,0.0,0.0,34,21,1,10,42080,104,5
4,6.4,0.0,0.0,34,20,1,11,42080,104,6
4,7.0,1.1,0.0,28,21,1,12,42080,104,4
4,7.4,0.0,0.0,25,13,1,13,42080,104,13
4,8.2,0.0,0.0,29,15,1,14,42080,104,12
4,9.2,0.0,0.0,35,12,1,15,42080,104,6
4,10.5,0.0,0.0,33,16,1,16,42080,104,10
4,9.6,0.0,0.0,29,22,1,17,42080,104,4
4,8.7,0.0,0.0,33,19,1,18,42080,104,9
4,7.9,0.0,0.0,34,20,1,19,42080,104,7
4,7.1,0.0,0.0,35,15,1,20,42080,104,6
4,7.5,0.0,0.0,36,13,1,21,42080,104,4
4,7.4,0.0,0.0,30,7,1,22,42080,104,10
4,7.2,0.0,0.0,36,8,1,23,42080,104,5
4,7.0,0.0,0.0,23,13,1,0,42080,104,0
4,6.3,0.0,0.0,27,10,1,1,42080,104,0
4,5.9,0.0,0.0,28,17,1,2,42080,104,0
4,5.3,0.0,0.0,27,9,1,3,42080,104,0
5,5.4,0.0,0.0,25,13,1,4,42080,104,0
5,5.1,0.0,0.0,33,11,1,5,42080,104,0
5,4.6,0.0,0.0,29,10,1,6,42080,104,0
5,4.6,0.0,0.0,26,6,1,7,42080,104,0
5,5.0,0.0,0.0,27,7,1,8,42080,104,5
5,5.3,0.0,0.0,31,8,1,9,42080,104,5
5,5.7,0.0,0.0,38,12,1,10,42080,104,7
5,7.0,0.0,0.0,47,13,1,11,42080,104,5
5,8.9,0.0,0.0,54,26,1,12,42080,104,12
5,9.9,0.0,0.0,70,33,1,13,42080,104,6
5,10.6,0.0,0.0,68,26,1,14,42080,104,6
5,11.0,0.0,0.0,58,25,1,15,42080,104,10
5,10.4,0.0,0.0,67,28,1,16,42080,104,8
5,9.9,0.0,0.0,69,32,1,17,42080,104,5
5,9.3,0.0,0.0,65,44,1,18,42080,104,3
5,8.6,0.0,0.0,74,42,1,19,42080,104,4
5,8.0,0.0,0.0,89,40,1,20,42080,104,4
5,7.3,0.0,0.0,84,35,1,21,42080,104,3
5,7.3,0.0,0.0,86,36,1,22,42080,104,5
5,7.0,0.0,0.0,80,36,1,23,42080,104,8
5,6.5,0.0,0.0,72,32,1,0,42080,104,0
5,6.0,0.0,0.0,75,39,1,1,42080,104,0
5,5.9,0.0,0.0,69,48,1,2,42080,104,0
5,5.4,0.0,0.0,74,42,1,3,42080,104,0
6,5.1,0.0,0.0,66,33,1,4,42080,104,0
6,5.2,0.0,0.0,64,35,1,5,42080,104,0
6,5.3,0.0,0.0,64,34,1,6,42080,104,0
6,4.8,0.0,0.0,72,34,1,7,42080,104,0
6,5.0,0.0,0.0,75,33,1,8,42080,104,5
6,5.4,0.0,0.0,79,37,1,9,42080,104,5
6,6.9,0.0,0.0,68,43,1,10,42080,104,6
6,7.9,0.0,0.0,71,32,1,11,42080,104,6
6,8.5,0.0,0.0,56,24,1,12,42080,104,4
6,8.4,0.0,0.0,52,17,1,13,42080,104,5
6,7.6,0.0,0.0,47,15,1,14,42080,104,1
6,7.6,0.0,0.0,47,15,1,15,42080,104,6
6,5.4,0.0,0.0,41,13,1,16,42080,104,7
6,3.6,0.0,0.0,26,6,1,17,42080,104,3
6,2.3,0.0,0.0,18,3,1,18,42080,104,0
6,1.2,0.0,0.0,13,1,1,19,42080,104,6
6,0.2,0.0,0.0,15,2,1,20,42080,104,1
6,-0.5,0.0,0.0,9,3,1,21,42080,104,3
6,-0.8,0.0,0.0,14,3,1,22,42080,104,2
6,-1.5,0.0,0.0,14,2,1,23,42080,104,8
6,-2.5,0.0,0.0,20,9,1,0,42080,104,0
6,-3.5,0.0,0.0,15,10,1,1,42080,104,0
6,-3.7,0.0,0.0,18,10,1,2,42080,104,0
6,-4.6,0.0,0.0,19,5,1,3,42080,104,0
0,-5.2,0.0,0.0,20,7,1,4,42080,104,0
0,-5.3,0.0,0.0,13,8,1,5,42080,104,0
0,-5.6,0.0,0.0,17,9,1,6,42080,104,3
0,-5.4,0.0,0.0,13,8,1,7,42080,104,1
0,-5.5,0.0,0.0,19,8,1,8,42080,104,6
0,-2.6,0.0,0.0,20,15,1,9,42080,104,6
0,-0.6,0.0,0.0,24,15,1,10,42080,104,6
0,0.3,0.0,0.0,23,14,1,11,42080,104,3
0,1.2,0.0,0.0,26,7,1,12,42080,104,7
0,2.0,0.0,0.0,20,4,1,13,42080,104,5
0,3.5,0.0,0.0,24,3,1,14,42080,104,8
0,3.8,0.0,0.0,19,4,1,15,42080,104,4
0,3.2,0.0,0.0,23,10,1,16,42080,104,4
0,1.2,0.0,0.0,17,6,1,17,42080,104,7
0,-0.2,0.0,0.0,20,5,1,18,42080,104,11
0,-0.8,0.0,0.0,17,9,1,19,42080,104,9
0,-1.3,0.0,0.0,21,6,1,20,42080,104,3
0,-1.7,0.0,0.0,23,12,1,21,42080,104,12
0,-2.3,0.0,0.0,27,10,1,22,42080,104,1
0,-2.6,0.0,0.0,27,12,1,23,42080,104,0
0,-3.0,0.0,0.0,27,12,1,0,42080,104,0
0,-3.5,0.0,0.0,26,16,1,1,42080,104,0
0,-3.8,0.0,0.0,20,15,1,2,42080,104,0
0,-3.8,0.0,0.0,18,12,1,3,42080,104,0
1,-3.3,0.0,0.0,17,11,1,4,42080,104,0
1,-2.5,0.0,0.0,20,11,1,5,42080,104,0
1,-2.2,0.0,0.0,22,9,1,6,42080,104,1
1,-1.6,0.0,0.0,26,8,1,7,42080,104,2
1,-1.2,0.0,0.0,16,10,1,8,42080,104,6
1,-0.5,0.0,0.0,22,2,1,9,42080,104,6
1,0.7,0.0,0.0,22,9,1,10,42080,104,5
1,2.2,0.0,0.0,32,16,1,11,42080,104,8
1,4.6,0.0,0.0,38,15,1,12,42080,104,11
1,7.2,0.0,0.0,37,7,1,13,42080,104,7
1,7.6,0.0,0.0,26,4,1,14,42080,104,11
1,8.7,0.0,0.0,20,2,1,15,42080,104,6
1,7.9,0.0,0.0,21,5,1,16,42080,104,9
1,7.3,0.0,0.0,32,5,1,17,42080,104,5
1,7.1,0.0,0.0,22,8,1,18,42080,104,9
1,7.1,0.0,0.0,26,5,1,19,42080,104,6
1,6.9,0.0,0.0,27,12,1,20,42080,104,5
1,6.7,0.0,0.0,27,13,1,21,42080,104,4
1,7.5,0.0,0.0,25,6,1,22,42080,104,11
1,7.4,0.0,0.0,26,7,1,23,42080,104,3
1,6.9,0.0,0.0,25,8,1,0,42080,104,0
1,6.2,0.0,0.0,23,12,1,1,42080,104,0
1,5.9,0.0,0.0,28,14,1,2,42080,104,0
1,5.8,0.0,0.0,26,8,1,3,42080,104,0
2,6.0,0.0,0.0,24,11,1,4,42080,104,0
2,6.3,0.0,0.0,23,5,1,5,42080,104,0
2,6.7,0.0,0.0,24,8,1,6,42080,104,1
2,6.4,0.0,0.0,20,8,1,7,42080,104,0
2,6.4,0.0,0.0,22,8,1,8,42080,104,12
2,7.8,0.0,0.0,23,5,1,9,42080,104,5
2,10.1,0.0,0.0,30,11,1,10,42080,104,5
2,12.6,0.0,0.0,34,14,1,11,42080,104,6
2,12.0,0.0,0.0,38,13,1,12,42080,104,5
2,11.3,0.0,0.0,44,20,1,13,42080,104,8
2,10.2,0.0,0.0,45,21,1,14,42080,104,8
2,11.3,0.1,0.0,41,18,1,15,42080,104,6
2,11.8,0.0,0.0,56,38,1,16,42080,104,3
2,11.1,0.0,0.0,80,51,1,17,42080,104,10
2,10.3,0.0,0.0,80,51,1,18,42080,104,14
2,9.0,0.0,0.0,84,42,1,19,42080,104,4
2,8.0,0.0,0.0,89,43,1,20,42080,104,4
2,7.5,0.0,0.0,99,39,1,21,42080,104,8
2,6.5,0.0,0.0,92,41,1,22,42080,104,6
2,5.7,0.0,0.0,92,28,1,23,42080,104,3
2,5.1,0.0,0.0,86,21,1,0,42080,104,0
2,5.1,0.0,0.0,81,28,1,1,42080,104,0
2,5.0,0.0,0.0,77,32,1,2,42080,104,0
2,5.1,0.0,0.0,83,41,1,3,42080,104,0
3,5.1,0.0,0.0,82,42,1,4,42080,104,0
3,5.0,0.0,0.0,81,43,1,5,42080,104,0
3,5.0,0.0,0.0,82,37,1,6,42080,104,3
3,4.8,0.0,0.0,82,33,1,7,42080,104,3
3,5.0,0.0,0.0,83,35,1,8,42080,104,6
3,5.5,0.0,0.0,84,46,1,9,42080,104,8
3,6.6,0.0,0.0,90,52,1,10,42080,104,2
3,7.3,0.0,0.0,96,55,1,11,42080,104,9
3,8.1,0.0,0.0,110,58,1,12,42080,104,7
3,10.6,0.0,0.0,118,63,1,13,42080,104,6
3,10.8,0.0,0.0,127,57,1,14,42080,104,3
3,10.2,0.0,0.0,116,47,1,15,42080,104,12
3,10.0,0.0,0.0,87,19,1,16,42080,104,8
3,9.2,0.0,0.0,73,31,1,17,42080,104,10
3,8.3,0.0,0.0,81,49,1,18,42080,104,9
3,7.0,0.0,0.0,86,42,1,19,42080,104,4
3,6.2,0.0,0.0,99,44,1,20,42080,104,8
3,6.2,0.0,0.0,94,41,1,21,42080,104,10
3,5.1,0.0,0.0,104,42,1,22,42080,104,5
3,4.9,0.0,0.0,94,39,1,23,42080,104,5
3,5.3,0.0,0.0,88,30,1,0,42080,104,0
3,5.9,0.0,0.0,83,38,1,1,42080,104,0
3,4.8,0.0,0.0,94,42,1,2,42080,104,0
3,4.1,0.0,0.0,100,35,1,3,42080,104,0
4,3.8,0.0,0.0,87,28,1,4,42080,104,0
4,2.3,0.0,0.0,71,19,1,5,42080,104,0
4,1.4,0.0,0.0,47,18,1,6,42080,104,1
4,0.2,0.0,0.0,36,15,1,7,42080,104,0
4,-0.5,0.0,0.0,36,11,1,8,42080,104,7
4,-0.1,0.0,0.0,28,9,1,9,42080,104,5
4,0.6,0.0,0.0,25,13,1,10,42080,104,7
4,0.8,0.0,0.0,20,13,1,11,42080,104,4
4,-0.5,0.0,0.0,23,6,1,12,42080,104,3
4,-0.8,0.0,0.0,19,9,1,13,42080,104,15
4,-0.9,0.0,0.0,20,5,1,14,42080,104,6
4,-1.7,0.0,0.0,22,10,1,15,42080,104,9
4,-2.6,0.0,0.0,19,6,1,16,42080,104,7
4,-4.0,0.0,0.0,15,7,1,17,42080,104,9
4,-4.5,0.0,0.0,22,8,1,18,42080,104,11
4,-5.0,0.0,0.0,14,6,1,19,42080,104,7
4,-5.9,0.0,0.0,18,7,1,20,42080,104,4
4,-6.7,0.0,0.0,14,7,1,21,42080,104,7
4,-7.4,0.0,0.1,17,4,1,22,42080,104,6
4,-7.8,0.0,0.1,15,6,1,23,42080,104,4
4,-8.3,0.0,0.1,16,11,1,0,42080,104,0
4,-8.8,0.0,0.0,19,15,1,1,42080,104,0
4,-9.7,0.0,0.0,14,11,1,2,42080,104,0
4,-10.6,0.0,0.0,19,6,1,3,42080,104,0
5,-11.0,0.0,0.0,24,8,1,4,42080,104,0
5,-11.2,0.0,0.0,21,7,1,5,42080,104,0
5,-10.9,0.0,0.0,19,6,1,6,42080,104,1
5,-10.4,0.0,0.0,22,8,1,7,42080,104,0
5,-10.3,0.0,0.0,19,10,1,8,42080,104,5
5,-7.3,0.0,0.0,31,10,1,9,42080,104,5
5,-5.1,0.0,0.0,27,12,1,10,42080,104,3
5,-3.4,0.0,0.0,36,10,1,11,42080,104,5
5,-1.5,0.0,0.0,28,8,1,12,42080,104,5
5,-0.2,0.0,0.0,21,3,1,13,42080,104,4
5,1.2,0.0,0.0,17,1,1,14,42080,104,3
5,1.8,0.0,0.0,15,1,1,15,42080,104,3
5,1.9,0.0,0.0,15,1,1,16,42080,104,8
5,0.1,0.0,0.0,15,4,1,17,42080,104,5
5,-0.4,0.0,0.0,23,3,1,18,42080,104,5
5,-1.1,0.0,0.1,16,3,1,19,42080,104,2
5,-1.2,0.0,0.1,13,8,1,20,42080,104,7
5,-1.2,0.1,0.5,16,7,1,21,42080,104,10
5,-1.4,0.0,0.6,15,6,1,22,42080,104,2
5,-0.7,0.0,0.7,15,2,1,23,42080,104,2
5,-0.6,0.0,0.7,12,6,1,0,42080,104,0
5,0.1,0.0,0.7,12,2,1,1,42080,104,0
5,0.7,0.0,0.7,15,5,1,2,42080,104,0
5,0.8,0.0,0.7,17,8,1,3,42080,104,0
6,0.7,0.0,1.5,22,9,1,4,42080,104,0
6,-0.1,0.0,1.5,14,4,1,5,42080,104,0
6,-1.2,0.4,1.5,22,14,1,6,42080,104,0
6,-2.0,0.0,1.5,28,6,1,7,42080,104,0
6,-2.4,0.0,1.5,30,7,1,8,42080,104,7
6,-1.2,0.0,1.3,28,15,1,9,42080,104,4
6,0.5,0.0,1.1,36,15,1,10,42080,104,5
6,1.7,0.0,0.3,37,21,1,11,42080,104,13
6,3.2,0.0,0.2,48,12,1,12,42080,104,9
6,4.6,0.0,0.0,45,5,1,13,42080,104,8
6,5.5,0.0,0.0,38,8,1,14,42080,104,7
6,6.1,0.0,0.0,28,4,1,15,42080,104,5
6,6.1,0.0,0.0,26,2,1,16,42080,104,6
6,4.3,0.0,0.0,27,8,1,17,42080,104,5
6,3.2,0.0,0.0,29,8,1,18,42080,104,4
6,2.8,0.0,0.0,27,8,1,19,42080,104,8
6,1.7,0.0,0.0,28,12,1,20,42080,104,3
6,1.6,0.0,0.0,30,9,1,21,42080,104,7
6,0.9,0.0,0.0,25,5,1,22,42080,104,5
6,0.3,0.0,0.0,23,7,1,23,42080,104,0
6,-0.3,0.0,0.0,23,8,1,0,42080,104,0
6,-0.7,0.0,0.0,24,3,1,1,42080,104,0
6,-0.4,0.0,0.0,19,9,1,2,42080,104,0
6,0.6,0.0,0.0,23,8,1,3,42080,104,0
0,1.1,0.0,0.0,21,9,1,4,42080,104,0
0,1.8,0.0,0.0,19,10,1,5,42080,104,0
0,2.2,0.0,0.0,24,8,1,6,42080,104,1
0,1.9,0.0,0.0,26,7,1,7,42080,104,3
0,1.6,0.0,0.0,23,5,1,8,42080,104,4
0,2.3,0.0,0.0,24,14,1,9,42080,104,4
0,4.3,0.0,0.0,25,17,1,10,42080,104,5
0,7.6,0.0,0.0,47,21,1,11,42080,104,11
0,10.4,0.0,0.0,63,15,1,12,42080,104,5
0,11.6,0.0,0.0,75,11,1,13,42080,104,0
0,10.9,0.0,0.0,60,12,1,14,42080,104,5
0,10.8,0.0,0.0,68,18,1,15,42080,104,5
0,11.1,0.0,0.0,70,18,1,16,42080,104,8
0,10.5,0.0,0.0,69,32,1,17,42080,104,2
0,9.9,0.0,0.0,71,29,1,18,42080,104,10
0,9.3,0.0,0.0,63,24,1,19,42080,104,10
0,8.9,0.0,0.0,70,20,1,20,42080,104,4
0,8.6,0.0,0.0,63,24,1,21,42080,104,9
0,8.6,0.0,0.0,63,19,1,22,42080,104,5
0,8.5,0.0,0.0,59,14,1,23,42080,104,1
0,8.6,0.0,0.0,57,14,1,0,42080,104,0
0,8.5,0.0,0.0,49,15,1,1,42080,104,0
0,8.2,0.0,0.0,54,16,1,2,42080,104,0
0,7.8,0.0,0.0,48,20,1,3,42080,104,0
1,8.3,0.0,0.0,48,16,1,4,42080,104,0
1,8.2,0.0,0.0,45,15,1,5,42080,104,0
1,7.9,0.0,0.0,46,13,1,6,42080,104,1
1,7.1,0.0,0.0,48,16,1,7,42080,104,3
1,6.3,0.0,0.0,52,25,1,8,42080,104,8
1,6.1,0.0,0.0,56,26,1,9,42080,104,8
1,8.3,0.0,0.0,55,41,1,10,42080,104,4
1,11.5,0.0,0.0,87,56,1,11,42080,104,9
1,12.5,0.0,0.0,92,35,1,12,42080,104,3
1,13.3,0.0,0.0,92,32,1,13,42080,104,5
1,13.8,0.0,0.0,84,30,1,14,42080,104,2
1,13.5,0.0,0.0,86,27,1,15,42080,104,6
1,12.7,0.0,0.0,85,25,1,16,42080,104,12
1,11.2,0.0,0.0,77,21,1,17,42080,104,10
1,9.0,0.0,0.0,79,37,1,18,42080,104,11
1,7.2,0.0,0.0,95,44,1,19,42080,104,0
1,5.8,0.0,0.0,99,39,1,20,42080,104,6
1,4.8,0.0,0.0,90,23,1,21,42080,104,5
1,4.1,0.0,0.0,65,20,1,22,42080,104,2
1,2.7,0.0,0.0,59,25,1,23,42080,104,3
1,1.9,0.0,0.0,59,22,1,0,42080,104,0
1,0.8,0.0,0.0,54,32,1,1,42080,104,0
1,0.4,0.0,0.0,51,32,1,2,42080,104,0
1,-0.3,0.0,0.0,41,24,1,3,42080,104,0
2,-0.6,0.0,0.0,46,22,1,4,42080,104,0
2,-0.9,0.0,0.0,33,17,1,5,42080,104,0
2,-1.8,0.0,0.0,36,11,1,6,42080,104,2
2,-1.9,0.0,0.0,29,18,1,7,42080,104,1
2,-2.4,0.0,0.0,32,12,1,8,42080,104,10
2,-0.2,0.0,0.0,37,15,1,9,42080,104,8
2,2.8,0.0,0.0,34,27,1,10,42080,104,8
2,4.5,0.0,0.0,58,30,1,11,42080,104,8
2,6.5,0.0,0.0,59,28,1,12,42080,104,3
2,9.1,0.0,0.0,52,13,1,13,42080,104,6
2,10.3,0.0,0.0,44,12,1,14,42080,104,7
2,10.2,0.0,0.0,35,8,1,15,42080,104,3
2,9.9,0.0,0.0,31,4,1,16,42080,104,5
2,8.0,0.0,0.0,26,11,1,17,42080,104,3
2,6.3,0.0,0.0,27,16,1,18,42080,104,11
2,5.0,0.0,0.0,35,17,1,19,42080,104,2
2,4.0,0.0,0.0,48,16,1,20,42080,104,6
2,2.6,0.0,0.0,43,16,1,21,42080,104,10
2,1.5,0.0,0.0,50,18,1,22,42080,104,6
2,0.5,0.0,0.0,44,17,1,23,42080,104,0
2,0.1,0.0,0.0,40,17,1,0,42080,104,0
2,-0.8,0.0,0.0,42,25,1,1,42080,104,0
2,-1.3,0.0,0.0,38,21,1,2,42080,104,0
2,-1.5,0.0,0.0,37,21,1,3,42080,104,0
3,-2.1,0.0,0.0,32,17,1,4,42080,104,0
3,-2.5,0.0,0.0,36,21,1,5,42080,104,0
3,-2.7,0.0,0.0,32,17,1,6,42080,104,3
3,-2.7,0.0,0.0,34,18,1,7,42080,104,0
3,-3.0,0.0,0.0,35,17,1,8,42080,104,7
3,-1.9,0.0,0.0,35,18,1,9,42080,104,4
3,1.3,0.0,0.0,42,26,1,10,42080,104,2
3,4.2,0.0,0.0,53,27,1,11,42080,104,6
3,6.8,0.0,0.0,66,29,1,12,42080,104,4
3,8.6,0.0,0.0,86,30,1,13,42080,104,4
3,10.5,0.0,0.0,77,15,1,14,42080,104,2
3,9.7,0.0,0.0,51,8,1,15,42080,104,9
3,9.1,0.0,0.0,45,16,1,16,42080,104,10
3,7.9,0.0,0.0,55,22,1,17,42080,104,4
3,6.3,0.0,0.0,56,29,1,18,42080,104,12
3,5.1,0.0,0.0,59,29,1,19,42080,104,6
3,3.9,0.0,0.0,67,28,1,20,42080,104,8
3,3.5,0.0,0.0,73,31,1,21,42080,104,11
3,2.7,0.0,0.0,66,27,1,22,42080,104,4
3,2.3,0.0,0.0,70,30,1,23,42080,104,5
3,1.6,0.0,0.0,68,34,1,0,42080,104,0
3,1.0,0.0,0.0,60,27,1,1,42080,104,0
3,0.4,0.0,0.0,59,36,1,2,42080,104,0
3,0.1,0.0,0.0,57,31,1,3,42080,104,0
4,0.0,0.0,0.0,60,34,1,4,42080,104,0
4,-0.2,0.0,0.0,56,31,1,5,42080,104,0
4,-0.2,0.0,0.0,52,27,1,6,42080,104,0
4,-0.1,0.0,0.0,55,27,1,7,42080,104,1
4,0.0,0.0,0.0,52,27,1,8,42080,104,6
4,0.2,0.0,0.0,55,32,1,9,42080,104,6
4,1.5,0.0,0.0,56,44,1,10,42080,104,4
4,3.6,0.0,0.0,64,42,1,11,42080,104,4
4,6.4,0.0,0.0,87,46,1,12,42080,104,8
4,8.1,0.0,0.0,92,43,1,13,42080,104,8
4,8.8,0.0,0.0,111,38,1,14,42080,104,17
4,6.9,0.0,0.0,74,30,1,15,42080,104,10
4,5.2,0.0,0.0,85,38,1,16,42080,104,8
4,4.0,0.0,0.0,90,42,1,17,42080,104,11
4,3.0,0.0,0.0,73,44,1,18,42080,104,10
4,1.9,0.0,0.0,60,35,1,19,42080,104,6
4,1.1,0.0,0.0,44,28,1,20,42080,104,6
4,0.1,0.0,0.0,42,26,1,21,42080,104,7
4,-1.0,0.0,0.0,38,22,1,22,42080,104,7
4,-1.8,0.0,0.0,33,14,1,23,42080,104,6
4,-2.5,0.0,0.0,25,4,1,0,42080,104,0
4,-3.5,0.0,0.0,23,6,1,1,42080,104,0
4,-4.4,0.0,0.0,27,14,1,2,42080,104,0
4,-5.0,0.0,0.0,22,11,1,3,42080,104,0
5,-5.8,0.0,0.0,27,17,1,4,42080,104,0
5,-6.8,0.0,0.0,28,9,1,5,42080,104,0
5,-7.6,0.0,0.0,16,12,1,6,42080,104,0
5,-8.2,0.0,0.0,18,5,1,7,42080,104,2
5,-8.3,0.0,0.0,15,6,1,8,42080,104,3
5,-7.7,0.0,0.0,18,3,1,9,42080,104,6
5,-6.7,0.0,0.0,21,10,1,10,42080,104,2
5,-5.8,0.0,0.0,13,9,1,11,42080,104,3
5,-5.5,0.0,0.0,15,9,1,12,42080,104,2
5,-5.0,0.0,0.0,22,6,1,13,42080,104,5
5,-4.2,0.0,0.0,16,5,1,14,42080,104,3
5,-4.2,0.0,0.0,16,5,1,15,42080,104,4
5,-4.5,0.0,0.0,11,5,1,16,42080,104,14
5,-6.4,0.0,0.0,11,10,1,17,42080,104,2
5,-7.6,0.0,0.0,15,11,1,18,42080,104,7
5,-8.3,0.0,0.0,18,9,1,19,42080,104,4
5,-8.1,0.0,0.0,18,8,1,20,42080,104,5
5,-8.8,0.0,0.0,0,9,1,21,42080,104,14
5,-9.4,0.0,0.0,16,9,1,22,42080,104,8
5,-9.7,0.0,0.0,14,12,1,23,42080,104,1
5,-10.3,0.0,0.0,14,8,1,0,42080,104,0
5,-11.3,0.0,0.0,22,8,1,1,42080,104,0
5,-12.2,0.0,0.0,19,12,1,2,42080,104,0
5,-12.7,0.0,0.0,17,10,1,3,42080,104,0
6,-13.1,0.0,0.0,0,9,1,4,42080,104,0
6,-13.5,0.0,0.0,16,7,1,5,42080,104,0
6,-13.8,0.0,0.0,0,12,1,6,42080,104,0
6,-14.4,0.0,0.0,16,7,1,7,42080,104,0
6,-14.2,0.0,0.0,0,8,1,8,42080,104,6
6,-12.0,0.0,0.0,14,16,1,9,42080,104,4
6,-9.5,0.0,0.0,18,13,1,10,42080,104,1
6,-8.8,0.0,0.0,0,8,1,11,42080,104,0
6,-7.1,0.0,0.0,27,10,1,12,42080,104,0
6,-5.8,0.0,0.0,24,8,1,13,42080,104,0
6,-4.6,0.0,0.0,21,6,1,14,42080,104,2
6,-3.7,0.0,0.0,49,4,1,15,42080,104,3
6,-5.0,0.0,0.0,22,2,1,16,42080,104,5
6,-6.1,0.0,0.0,17,5,1,17,42080,104,6
6,-7.2,0.0,0.0,16,7,1,18,42080,104,4
6,-8.0,0.0,0.0,11,10,1,19,42080,104,4
6,-8.5,0.0,0.0,17,8,1,20,42080,104,4
6,-9.1,0.0,0.0,17,8,1,21,42080,104,12
6,-9.2,0.0,0.0,18,11,1,22,42080,104,4
6,-9.7,0.0,0.0,21,7,1,23,42080,104,0
6,-10.2,0.0,0.0,17,9,1,0,42080,104,0
6,-10.1,0.0,0.0,0,4,1,1,42080,104,0
6,-11.2,0.0,0.0,16,1,1,2,42080,104,0
6,-11.3,0.0,0.0,13,2,1,3,42080,104,0
0,-11.7,0.0,0.0,0,2,1,4,42080,104,0
0,-11.7,0.0,0.0,0,8,1,5,42080,104,0
0,-11.7,0.0,0.0,13,9,1,6,42080,104,1
0,-11.9,0.0,0.0,12,7,1,7,42080,104,2
0,-11.9,0.0,0.0,14,9,1,8,42080,104,6
0,-9.1,0.0,0.0,13,9,1,9,42080,104,2
0,-6.4,0.0,0.0,0,16,1,10,42080,104,3
0,-3.8,0.0,0.0,0,15,1,11,42080,104,4
0,-2.0,0.0,0.0,32,11,1,12,42080,104,2
0,-0.8,0.0,0.0,28,9,1,13,42080,104,5
0,1.1,0.0,0.0,25,8,1,14,42080,104,10
0,0.3,0.0,0.0,25,6,1,15,42080,104,6
0,0.6,0.0,0.0,20,4,1,16,42080,104,4
0,0.3,0.0,0.0,39,6,1,17,42080,104,12
0,-0.1,0.0,0.0,65,15,1,18,42080,104,8
0,-0.2,0.0,0.0,27,14,1,19,42080,104,6
0,-0.3,0.0,0.0,26,14,1,20,42080,104,5
0,-0.2,0.0,0.0,29,17,1,21,42080,104,10
0,0.0,0.0,0.0,21,11,1,22,42080,104,4
0,-0.5,0.0,0.0,24,18,1,23,42080,104,0
0,-1.0,0.0,0.0,31,12,1,0,42080,104,0
0,-1.1,0.0,0.0,27,20,1,1,42080,104,0
0,-1.8,0.0,0.0,40,15,1,2,42080,104,0
0,-2.3,0.0,0.0,29,24,1,3,42080,104,0
1,-2.6,0.0,0.0,24,22,1,4,42080,104,0
1,-2.8,0.0,0.0,34,14,1,5,42080,104,0
1,-3.0,0.0,0.0,31,15,1,6,42080,104,1
1,-3.2,0.0,0.0,32,12,1,7,42080,104,2
1,-2.9,0.0,0.0,29,19,1,8,42080,104,4
1,-2.3,0.0,0.0,42,26,1,9,42080,104,2
1,-1.4,0.0,0.0,48,27,1,10,42080,104,1
1,-0.2,0.0,0.0,51,24,1,11,42080,104,9
1,1.0,0.0,0.0,44,24,1,12,42080,104,5
1,1.7,0.0,0.0,55,24,1,13,42080,104,8
1,2.2,0.0,0.0,60,28,1,14,42080,104,7
1,3.0,0.0,0.0,67,26,1,15,42080,104,5
1,3.5,0.0,0.0,78,28,1,16,42080,104,8
1,3.1,0.0,0.0,80,30,1,17,42080,104,7
1,2.1,0.0,0.0,73,35,1,18,42080,104,9
1,0.9,0.0,0.0,70,35,1,19,42080,104,7
1,0.0,0.0,0.0,63,35,1,20,42080,104,9
1,-0.9,0.0,0.0,67,32,1,21,42080,104,14
1,-1.4,0.0,0.0,65,29,1,22,42080,104,2
1,-1.5,0.0,0.0,66,29,1,23,42080,104,0
1,-1.8,0.0,0.0,66,24,1,0,42080,104,0
1,-2.1,0.0,0.0,62,33,1,1,42080,104,0
1,-2.0,0.0,0.0,64,32,1,2,42080,104,0
1,-1.6,0.0,0.0,56,31,1,3,42080,104,0
2,-1.7,0.0,0.0,58,33,1,4,42080,104,0
2,-1.5,0.0,0.0,60,30,1,5,42080,104,0
2,-1.3,0.0,0.0,62,27,1,6,42080,104,2
2,-1.2,0.0,0.0,56,25,1,7,42080,104,2
2,-1.2,0.0,0.0,59,32,1,8,42080,104,4
2,-0.7,0.0,0.0,51,31,1,9,42080,104,4
2,2.1,0.0,0.0,42,28,1,10,42080,104,7
2,4.8,0.0,0.0,51,31,1,11,42080,104,6
2,6.7,0.0,0.0,62,14,1,12,42080,104,4
2,6.9,0.0,0.0,45,2,1,13,42080,104,6
2,6.9,0.0,0.0,33,6,1,14,42080,104,8
2,5.8,0.0,0.0,40,11,1,15,42080,104,8
2,6.7,0.0,0.0,39,13,1,16,42080,104,8
2,5.6,0.0,0.0,43,25,1,17,42080,104,9
2,4.8,0.0,0.0,68,36,1,18,42080,104,10
2,4.5,0.0,0.0,65,32,1,19,42080,104,6
2,4.6,0.0,0.0,64,29,1,20,42080,104,6
2,3.7,0.0,0.0,73,37,1,21,42080,104,16
2,2.6,0.0,0.0,73,29,1,22,42080,104,6
2,2.1,0.0,0.0,57,16,1,23,42080,104,3
2,1.5,0.0,0.0,28,5,1,0,42080,104,0
2,0.9,0.0,0.0,22,8,1,1,42080,104,0
2,0.6,0.0,0.0,23,8,1,2,42080,104,0
2,-0.1,0.0,0.0,23,13,1,3,42080,104,0
3,-0.7,0.0,0.1,26,13,1,4,42080,104,0
3,-1.5,0.0,0.1,31,16,1,5,42080,104,0
3,-2.2,0.0,0.1,31,15,1,6,42080,104,3
3,-2.9,0.0,0.1,27,9,1,7,42080,104,0
3,-3.5,0.0,0.1,23,7,1,8,42080,104,6
3,-2.2,0.0,0.1,21,1,1,9,42080,104,5
3,-0.4,0.0,0.0,18,2,1,10,42080,104,2
3,0.7,0.0,0.0,19,7,1,11,42080,104,5
3,0.9,0.0,0.0,16,4,1,12,42080,104,4
3,2.6,0.0,0.0,22,3,1,13,42080,104,6
3,2.1,0.0,0.0,20,6,1,14,42080,104,5
3,1.4,0.0,0.0,14,6,1,15,42080,104,4
3,0.2,0.0,0.1,21,6,1,16,42080,104,6
3,-0.6,0.0,2.1,23,12,1,17,42080,104,6
3,-1.9,0.5,2.2,16,13,1,18,42080,104,12
3,-2.4,0.0,2.2,20,15,1,19,42080,104,6
3,-2.2,0.0,2.2,20,8,1,20,42080,104,10
3,-2.9,0.0,2.3,18,10,1,21,42080,104,10
3,-2.8,0.0,2.2,17,12,1,22,42080,104,4
3,-3.7,0.0,2.1,18,9,1,23,42080,104,0
3,-4.5,0.0,2.0,25,8,1,0,42080,104,0
3,-4.4,0.0,2.0,15,3,1,1,42080,104,0
3,-5.2,0.0,1.9,20,7,1,2,42080,104,0
3,-6.2,0.0,1.8,21,14,1,3,42080,104,0
4,-7.0,0.0,1.8,25,9,1,4,42080,104,0
4,-7.4,0.0,1.6,21,7,1,5,42080,104,0
4,-8.2,0.0,1.5,19,11,1,6,42080,104,3
4,-8.0,0.0,1.5,21,9,1,7,42080,104,1
4,-7.9,0.0,1.3,17,9,1,8,42080,104,4
4,-6.2,0.0,1.2,26,2,1,9,42080,104,2
4,-4.1,0.0,1.1,25,5,1,10,42080,104,3
4,-3.0,0.0,0.9,30,8,1,11,42080,104,4
4,-2.0,0.0,0.5,21,2,1,12,42080,104,5
4,-1.3,0.0,0.0,21,4,1,13,42080,104,6
4,-0.6,0.0,0.0,20,2,1,14,42080,104,4
4,-0.3,0.0,0.0,17,1,1,15,42080,104,11
4,-0.1,0.0,0.0,12,1,1,16,42080,104,4
4,-2.1,0.0,0.0,16,1,1,17,42080,104,6
4,-3.6,0.0,0.0,13,1,1,18,42080,104,6
4,-4.7,0.0,0.0,15,1,1,19,42080,104,5
4,-5.7,0.0,0.0,16,4,1,20,42080,104,6
4,-6.3,0.0,0.0,14,7,1,21,42080,104,7
4,-6.7,0.0,0.0,17,5,1,22,42080,104,4
4,-7.0,0.0,0.0,21,7,1,23,42080,104,2
4,-7.2,0.0,0.0,16,5,1,0,42080,104,0
4,-8.0,0.0,0.0,15,7,1,1,42080,104,0
4,-8.4,0.0,0.0,19,11,1,2,42080,104,0
4,-8.6,0.0,0.0,14,9,1,3,42080,104,0
5,13.8,0.0,0.0,33,30,1,4,42080,104,0
5,13.5,0.0,0.0,32,35,1,5,42080,104,0
5,13.3,0.0,0.0,39,35,1,6,42080,104,0
5,13.4,0.0,0.0,42,43,1,7,42080,104,2
5,15.9,0.0,0.0,38,35,1,8,42080,104,7
5,18.7,0.0,0.0,42,32,1,9,42080,104,7
5,21.3,0.0,0.0,54,42,1,10,42080,104,10
5,23.7,0.0,0.0,53,44,1,11,42080,104,9
5,26.4,0.0,0.0,59,58,1,12,42080,104,7
5,25.9,0.0,0.0,56,58,1,13,42080,104,5
5,27.8,0.0,0.0,51,41,1,14,42080,104,5
5,27.5,0.0,0.0,37,24,1,15,42080,104,7
5,26.4,0.0,0.0,26,15,1,16,42080,104,6
5,25.9,0.0,0.0,33,14,1,17,42080,104,5
5,22.9,0.0,0.0,21,18,1,18,42080,104,9
5,21.0,0.0,0.0,22,18,1,19,42080,104,4
5,20.1,0.0,0.0,22,18,1,20,42080,104,4
5,19.7,0.0,0.0,21,24,1,21,42080,104,5
5,18.8,0.0,0.0,24,22,1,22,42080,104,9
5,18.5,0.0,0.0,20,20,1,23,42080,104,0
5,17.7,0.0,0.0,27,20,1,0,42080,104,0
5,16.9,0.0,0.0,28,28,1,1,42080,104,0
5,17.2,0.0,0.0,29,27,1,2,42080,104,0
5,17.3,0.0,0.0,31,26,1,3,42080,104,0
6,17.3,0.0,0.0,28,29,1,4,42080,104,0
6,17.4,0.0,0.0,32,30,1,5,42080,104,0
6,17.2,0.0,0.0,34,32,1,6,42080,104,1
6,17.4,0.0,0.0,35,32,1,7,42080,104,1
6,18.2,0.0,0.0,30,29,1,8,42080,104,9
6,19.3,0.0,0.0,27,32,1,9,42080,104,11
6,21.4,0.0,0.0,36,34,1,10,42080,104,11
6,24.9,0.0,0.0,40,32,1,11,42080,104,7
6,26.1,0.0,0.0,27,24,1,12,42080,104,14
6,27.0,0.0,0.0,27,13,1,13,42080,104,5
6,26.6,0.0,0.0,26,17,1,14,42080,104,8
6,25.3,0.0,0.0,19,14,1,15,42080,104,3
6,25.3,0.0,0.0,15,12,1,16,42080,104,5
6,24.9,0.0,0.0,21,15,1,17,42080,104,5
6,24.7,0.0,0.0,24,20,1,18,42080,104,4
6,24.0,0.0,0.0,22,23,1,19,42080,104,5
6,23.5,0.0,0.0,25,21,1,20,42080,104,9
6,19.9,0.2,0.0,27,15,1,21,42080,104,12
6,19.3,0.8,0.0,27,11,1,22,42080,104,6
6,18.8,0.0,0.0,23,19,1,23,42080,104,0
6,18.8,0.0,0.0,23,19,1,0,42080,104,0
6,19.0,0.0,0.0,24,21,1,1,42080,104,0
6,18.8,0.8,0.0,24,21,1,2,42080,104,0
6,18.2,10.9,0.0,20,27,1,3,42080,104,0
0,18.7,2.1,0.0,25,18,1,4,42080,104,0
0,18.9,2.2,0.0,24,12,1,5,42080,104,0
0,19.3,0.1,0.0,21,17,1,6,42080,104,2
0,19.5,0.5,0.0,14,14,1,7,42080,104,1
0,20.7,1.0,0.0,15,16,1,8,42080,104,3
0,21.5,0.9,0.0,17,13,1,9,42080,104,5
0,23.0,0.2,0.0,18,5,1,10,42080,104,3
0,24.5,0.0,0.0,18,7,1,11,42080,104,5
0,25.7,0.0,0.0,9,4,1,12,42080,104,8
0,25.6,0.0,0.0,12,6,1,13,42080,104,7
0,25.7,0.0,0.0,14,10,1,14,42080,104,1
0,25.8,0.0,0.0,19,9,1,15,42080,104,6
0,25.9,0.0,0.0,24,9,1,16,42080,104,0
0,25.3,0.0,0.0,21,9,1,17,42080,104,7
0,25.2,0.0,0.0,19,15,1,18,42080,104,8
0,24.8,0.0,0.0,22,15,1,19,42080,104,14
0,24.7,0.0,0.0,27,18,1,20,42080,104,8
0,24.7,0.0,0.0,22,17,1,21,42080,104,8
0,23.0,1.6,0.0,19,15,1,22,42080,104,2
0,22.3,3.1,0.0,14,8,1,23,42080,104,1
0,22.2,2.9,0.0,13,6,1,0,42080,104,0
0,22.1,0.7,0.0,12,8,1,1,42080,104,0
0,22.5,0.1,0.0,14,10,1,2,42080,104,0
0,23.4,0.2,0.0,13,19,1,3,42080,104,0
1,23.2,0.1,0.0,14,12,1,4,42080,104,0
1,22.2,10.7,0.0,18,9,1,5,42080,104,0
1,21.9,18.1,0.0,10,6,1,6,42080,104,1
1,21.5,11.4,0.0,6,6,1,7,42080,104,3
1,20.6,1.4,0.0,1,8,1,8,42080,104,10
1,19.8,0.0,0.0,8,6,1,9,42080,104,16
1,19.1,0.8,0.0,9,8,1,10,42080,104,7
1,20.1,0.0,0.0,5,2,1,11,42080,104,6
1,22.1,0.0,0.0,6,5,1,12,42080,104,11
1,21.1,0.0,0.0,9,10,1,13,42080,104,12
1,22.8,0.0,0.0,12,14,1,14,42080,104,6
1,22.2,0.0,0.0,9,9,1,15,42080,104,15
1,21.5,0.0,0.0,12,9,1,16,42080,104,8
1,20.1,0.0,0.0,13,6,1,17,42080,104,8
1,18.7,0.0,0.0,13,11,1,18,42080,104,10
1,17.8,0.0,0.0,17,11,1,19,42080,104,7
1,17.1,0.0,0.0,12,15,1,20,42080,104,8
1,16.4,0.0,0.0,13,8,1,21,42080,104,5
1,16.1,0.0,0.0,14,4,1,22,42080,104,9
1,15.7,0.0,0.0,16,3,1,23,42080,104,0
1,15.4,0.0,0.0,19,7,1,0,42080,104,0
1,15.0,0.0,0.0,29,4,1,1,42080,104,0
1,14.7,0.0,0.0,13,2,1,2,42080,104,0
1,14.4,0.0,0.0,10,7,1,3,42080,104,0
2,14.3,0.0,0.0,15,5,1,4,42080,104,0
2,14.0,0.0,0.0,15,4,1,5,42080,104,0
2,14.0,0.0,0.0,11,10,1,6,42080,104,1
2,13.9,0.0,0.0,19,6,1,7,42080,104,5
2,13.7,0.0,0.0,18,10,1,8,42080,104,9
2,14.3,0.0,0.0,22,12,1,9,42080,104,23
2,15.6,0.0,0.0,20,8,1,10,42080,104,8
2,16.9,0.0,0.0,16,5,1,11,42080,104,11
2,18.4,0.0,0.0,19,11,1,12,42080,104,10
2,19.3,0.0,0.0,21,10,1,13,42080,104,13
2,20.6,0.0,0.0,16,6,1,14,42080,104,2
2,21.4,0.0,0.0,5,7,1,15,42080,104,9
2,21.1,0.0,0.0,16,11,1,16,42080,104,6
2,19.3,0.0,0.0,14,7,1,17,42080,104,11
2,17.7,0.0,0.0,14,13,1,18,42080,104,9
2,16.0,0.0,0.0,15,17,1,19,42080,104,6
2,15.6,0.0,0.0,15,8,1,20,42080,104,6
2,14.9,0.0,0.0,17,13,1,21,42080,104,5
2,14.8,0.0,0.0,19,9,1,22,42080,104,0
2,14.5,0.0,0.0,12,12,1,23,42080,104,4
2,14.5,0.0,0.0,15,16,1,0,42080,104,0
2,14.4,0.0,0.0,20,8,1,1,42080,104,0
2,14.3,0.0,0.0,20,9,1,2,42080,104,0
2,14.2,0.0,0.0,19,14,1,3,42080,104,0
3,14.1,0.0,0.0,15,16,1,4,42080,104,0
3,14.1,0.0,0.0,19,16,1,5,42080,104,0
3,14.0,0.0,0.0,19,15,1,6,42080,104,1
3,14.1,0.0,0.0,23,21,1,7,42080,104,3
3,14.8,0.0,0.0,21,21,1,8,42080,104,11
3,15.6,0.0,0.0,25,15,1,9,42080,104,16
3,16.1,0.0,0.0,28,17,1,10,42080,104,3
3,17.6,0.0,0.0,25,9,1,11,42080,104,9
3,19.9,0.0,0.0,24,9,1,12,42080,104,6
3,19.7,0.0,0.0,18,5,1,13,42080,104,11
3,21.1,0.0,0.0,20,8,1,14,42080,104,11
3,19.8,0.0,0.0,15,18,1,15,42080,104,7
3,19.2,0.0,0.0,21,15,1,16,42080,104,8
3,18.4,0.0,0.0,17,16,1,17,42080,104,5
3,17.8,0.0,0.0,19,21,1,18,42080,104,9
3,17.3,0.0,0.0,18,14,1,19,42080,104,8
3,16.2,0.0,0.0,25,20,1,20,42080,104,7
3,15.9,0.0,0.0,22,26,1,21,42080,104,5
3,15.9,0.0,0.0,31,20,1,22,42080,104,8
3,15.4,0.0,0.0,25,19,1,23,42080,104,6
3,15.1,0.0,0.0,29,17,1,0,42080,104,0
3,15.3,0.0,0.0,25,18,1,1,42080,104,0
3,15.1,0.0,0.0,21,20,1,2,42080,104,0
3,14.8,0.0,0.0,16,16,1,3,42080,104,0
4,14.8,0.0,0.0,13,10,1,4,42080,104,0
4,14.4,0.0,0.0,18,10,1,5,42080,104,0
4,14.3,0.0,0.0,13,12,1,6,42080,104,2
4,13.1,0.0,0.0,16,14,1,7,42080,104,5
4,14.9,0.0,0.0,16,9,1,8,42080,104,9
4,16.4,0.0,0.0,15,7,1,9,42080,104,22
4,16.4,0.0,0.0,8,4,1,10,42080,104,5
4,17.6,0.0,0.0,8,2,1,11,42080,104,4
4,17.8,0.0,0.0,11,6,1,12,42080,104,5
4,17.8,0.0,0.0,10,9,1,13,42080,104,9
4,19.3,0.0,0.0,11,11,1,14,42080,104,2
4,20.4,0.0,0.0,15,12,1,15,42080,104,7
4,18.2,0.0,0.0,15,13,1,16,42080,104,12
4,17.3,0.0,0.0,13,15,1,17,42080,104,7
4,16.2,0.0,0.0,21,20,1,18,42080,104,11
4,15.1,0.0,0.0,27,20,1,19,42080,104,13
4,14.5,0.0,0.0,24,14,1,20,42080,104,4
4,14.1,0.0,0.0,21,11,1,21,42080,104,10
4,13.5,0.0,0.0,18,12,1,22,42080,104,4
4,13.1,0.0,0.0,16,7,1,23,42080,104,4
4,12.4,0.0,0.0,17,12,1,0,42080,104,0
4,11.6,0.0,0.0,16,22,1,1,42080,104,0
4,11.1,0.0,0.0,15,14,1,2,42080,104,0
4,10.5,0.0,0.0,16,19,1,3,42080,104,0
5,10.5,0.0,0.0,16,16,1,4,42080,104,0
5,10.3,0.0,0.0,16,13,1,5,42080,104,0
5,9.8,0.0,0.0,14,10,1,6,42080,104,0
5,10.4,0.0,0.0,13,12,1,7,42080,104,5
5,14.0,0.0,0.0,13,9,1,8,42080,104,5
5,16.1,0.0,0.0,11,2,1,9,42080,104,6
5,17.6,0.0,0.0,7,2,1,10,42080,104,4
5,19.3,0.0,0.0,8,2,1,11,42080,104,11
5,20.5,0.0,0.0,8,1,1,12,42080,104,5
5,20.6,0.0,0.0,8,1,1,13,42080,104,13
5,20.4,0.0,0.0,10,3,1,14,42080,104,10
5,20.9,0.0,0.0,8,3,1,15,42080,104,8
5,21.1,0.0,0.0,12,10,1,16,42080,104,11
5,19.1,0.0,0.0,11,4,1,17,42080,104,5
5,17.7,0.0,0.0,11,6,1,18,42080,104,10
5,17.5,0.0,0.0,12,9,1,19,42080,104,10
5,17.1,0.0,0.0,14,8,1,20,42080,104,10
5,16.4,0.0,0.0,15,5,1,21,42080,104,10
5,15.6,0.0,0.0,11,10,1,22,42080,104,8
5,15.1,0.0,0.0,16,4,1,23,42080,104,3
5,14.7,0.0,0.0,9,4,1,0,42080,104,0
5,14.6,0.0,0.0,7,8,1,1,42080,104,0
5,14.2,0.0,0.0,16,7,1,2,42080,104,0
5,14.0,0.0,0.0,11,3,1,3,42080,104,0
6,13.8,0.0,0.0,9,5,1,4,42080,104,0
6,13.9,0.0,0.0,14,6,1,5,42080,104,0
6,13.8,0.0,0.0,13,5,1,6,42080,104,0
6,13.3,0.0,0.0,11,9,1,7,42080,104,2
6,12.1,0.9,0.0,10,9,1,8,42080,104,3
6,12.0,0.9,0.0,10,2,1,9,42080,104,4
6,12.3,0.8,0.0,12,4,1,10,42080,104,6
6,13.2,1.0,0.0,11,5,1,11,42080,104,6
6,13.7,0.5,0.0,12,2,1,12,42080,104,2
6,14.2,0.2,0.0,10,2,1,13,42080,104,5
6,13.9,0.8,0.0,10,2,1,14,42080,104,7
6,13.5,1.9,0.0,8,5,1,15,42080,104,4
6,13.7,1.3,0.0,8,8,1,16,42080,104,4
6,13.5,1.4,0.0,8,7,1,17,42080,104,3
6,13.4,1.4,0.0,6,5,1,18,42080,104,8
6,13.3,2.0,0.0,6,8,1,19,42080,104,7
6,13.2,2.7,0.0,5,3,1,20,42080,104,14
6,12.4,0.9,0.0,4,8,1,21,42080,104,6
6,11.3,0.3,0.0,5,7,1,22,42080,104,6
6,10.9,0.1,0.0,4,3,1,23,42080,104,6
6,10.9,0.0,0.0,5,6,1,0,42080,104,0
6,10.9,0.0,0.0,6,1,1,1,42080,104,0
6,11.0,0.0,0.0,15,3,1,2,42080,104,0
6,11.1,0.0,0.0,7,6,1,3,42080,104,0
0,10.9,0.0,0.0,12,3,1,4,42080,104,0
0,10.7,0.0,0.0,13,6,1,5,42080,104,0
0,10.8,0.0,0.0,11,4,1,6,42080,104,0
0,10.4,0.0,0.0,15,4,1,7,42080,104,0
0,10.8,0.0,0.0,10,8,1,8,42080,104,5
0,11.5,0.0,0.0,13,4,1,9,42080,104,8
0,11.7,0.0,0.0,16,5,1,10,42080,104,4
0,12.7,0.0,0.0,11,3,1,11,42080,104,6
0,12.5,0.0,0.0,15,1,1,12,42080,104,0
0,13.3,0.0,0.0,10,2,1,13,42080,104,5
0,10.2,0.5,0.0,12,3,1,14,42080,104,2
0,12.6,0.0,0.0,8,5,1,15,42080,104,7
0,13.6,0.0,0.0,4,7,1,16,42080,104,7
0,9.9,0.4,0.0,6,4,1,17,42080,104,6
0,9.4,0.0,0.0,9,11,1,18,42080,104,4
0,8.7,0.5,0.0,7,5,1,19,42080,104,2
0,9.5,0.0,0.0,4,3,1,20,42080,104,9
0,9.7,0.0,0.0,9,3,1,21,42080,104,6
0,9.7,0.0,0.0,7,6,1,22,42080,104,10
0,9.8,0.0,0.0,7,6,1,23,42080,104,1
0,9.7,0.0,0.0,10,5,1,0,42080,104,0
0,9.4,0.0,0.0,8,11,1,1,42080,104,0
0,10.0,0.0,0.0,7,8,1,2,42080,104,0
0,10.1,0.0,0.0,10,6,1,3,42080,104,0
1,9.4,0.0,0.0,7,5,1,4,42080,104,0
1,9.6,0.0,0.0,8,6,1,5,42080,104,0
1,9.0,0.0,0.0,5,5,1,6,42080,104,3
1,8.5,0.0,0.0,5,6,1,7,42080,104,1
1,9.6,0.0,0.0,12,5,1,8,42080,104,10
1,11.0,0.0,0.0,11,7,1,9,42080,104,22
1,12.3,0.0,0.0,10,9,1,10,42080,104,5
1,13.8,0.0,0.0,0,0,1,11,42080,104,5
1,15.5,0.0,0.0,0,0,1,12,42080,104,7
1,16.4,0.0,0.0,15,13,1,13,42080,104,14
1,17.7,0.0,0.0,19,12,1,14,42080,104,5
1,18.0,0.0,0.0,20,17,1,15,42080,104,9
1,18.2,0.0,0.0,20,14,1,16,42080,104,8
1,15.8,0.0,0.0,13,13,1,17,42080,104,16
1,13.6,0.0,0.0,11,11,1,18,42080,104,18
1,11.9,0.0,0.0,10,11,1,19,42080,104,8
1,11.1,0.0,0.0,16,12,1,20,42080,104,4
1,10.3,0.0,0.0,18,12,1,21,42080,104,7
1,9.9,0.0,0.0,15,12,1,22,42080,104,7
1,9.0,0.0,0.0,19,13,1,23,42080,104,5
1,8.5,0.0,0.0,16,11,1,0,42080,104,0
1,7.9,0.0,0.0,13,3,1,1,42080,104,0
1,7.6,0.0,0.0,18,8,1,2,42080,104,0
1,6.9,0.0,0.0,5,0,1,3,42080,104,0
2,6.5,0.0,0.0,13,13,1,4,42080,104,0
2,6.3,0.0,0.0,13,15,1,5,42080,104,0
2,5.9,0.0,0.0,12,9,1,6,42080,104,1
2,5.7,0.0,0.0,16,10,1,7,42080,104,7
2,8.3,0.0,0.0,16,17,1,8,42080,104,15
2,9.1,0.0,0.0,17,15,1,9,42080,104,21
2,12.8,0.0,0.0,24,20,1,10,42080,104,4
2,15.4,0.0,0.0,24,21,1,11,42080,104,6
2,18.3,0.0,0.0,23,10,1,12,42080,104,5
2,19.7,0.0,0.0,23,14,1,13,42080,104,10
2,20.3,0.0,0.0,17,16,1,14,42080,104,5
2,21.3,0.0,0.0,15,14,1,15,42080,104,7
2,21.1,0.0,0.0,21,15,1,16,42080,104,6
2,19.3,0.0,0.0,15,17,1,17,42080,104,14
2,17.7,0.0,0.0,14,11,1,18,42080,104,14
2,16.4,0.0,0.0,19,17,1,19,42080,104,7
2,14.8,0.0,0.0,19,15,1,20,42080,104,7
2,13.3,0.0,0.0,21,10,1,21,42080,104,7
2,12.2,0.0,0.0,17,11,1,22,42080,104,9
2,11.6,0.0,0.0,22,15,1,23,42080,104,6
2,11.2,0.0,0.0,21,15,1,0,42080,104,0
2,10.7,0.0,0.0,18,13,1,1,42080,104,0
2,10.5,0.0,0.0,16,13,1,2,42080,104,0
2,9.9,0.0,0.0,20,17,1,3,42080,104,0
3,9.9,0.0,0.0,17,16,1,4,42080,104,0
3,9.6,0.0,0.0,18,17,1,5,42080,104,0
3,9.3,0.0,0.0,16,14,1,6,42080,104,4
3,9.3,0.0,0.0,15,18,1,7,42080,104,1
3,10.9,0.0,0.0,13,10,1,8,42080,104,15
3,13.4,0.0,0.0,14,6,1,9,42080,104,16
3,17.1,0.0,0.0,17,4,1,10,42080,104,7
3,19.1,0.0,0.0,18,16,1,11,42080,104,6
3,20.9,0.0,0.0,15,12,1,12,42080,104,8
3,21.8,0.0,0.0,14,8,1,13,42080,104,5
3,22.2,0.0,0.0,12,7,1,14,42080,104,4
3,22.3,0.0,0.0,14,9,1,15,42080,104,9
3,22.2,0.0,0.0,10,3,1,16,42080,104,8
3,20.2,0.0,0.0,11,10,1,17,42080,104,9
3,18.6,0.0,0.0,13,9,1,18,42080,104,7
3,16.7,0.0,0.0,16,9,1,19,42080,104,8
3,15.2,0.0,0.0,15,3,1,20,42080,104,9
3,14.4,0.0,0.0,15,8,1,21,42080,104,6
3,13.7,0.0,0.0,13,10,1,22,42080,104,6
3,12.9,0.0,0.0,16,10,1,23,42080,104,0
3,12.1,0.0,0.0,20,14,1,0,42080,104,0
3,11.8,0.0,0.0,15,15,1,1,42080,104,0
3,11.4,0.0,0.0,24,15,1,2,42080,104,0
3,11.0,0.0,0.0,14,12,1,3,42080,104,0
4,10.8,0.0,0.0,17,10,1,4,42080,104,0
4,10.7,0.0,0.0,16,10,1,5,42080,104,0
4,10.8,0.0,0.0,13,13,1,6,42080,104,2
4,10.8,0.0,0.0,13,9,1,7,42080,104,7
4,12.1,0.0,0.0,12,9,1,8,42080,104,8
4,14.0,0.0,0.0,16,10,1,9,42080,104,22
4,16.7,0.0,0.0,21,13,1,10,42080,104,9
4,19.4,0.0,0.0,24,11,1,11,42080,104,13
4,21.2,0.0,0.0,23,9,1,12,42080,104,13
4,21.3,0.0,0.0,15,16,1,13,42080,104,15
4,22.8,0.0,0.0,12,8,1,14,42080,104,6
4,21.2,0.0,0.0,8,5,1,15,42080,104,10
4,22.8,0.0,0.0,11,8,1,16,42080,104,10
4,20.3,0.0,0.0,9,7,1,17,42080,104,12
4,18.1,0.0,0.0,14,14,1,18,42080,104,8
4,17.6,0.0,0.0,23,16,1,19,42080,104,9
4,17.2,0.0,0.0,23,16,1,20,42080,104,6
4,16.1,0.0,0.0,25,8,1,21,42080,104,8
4,15.5,0.0,0.0,24,12,1,22,42080,104,11
4,15.0,0.0,0.0,20,16,1,23,42080,104,0
4,14.9,0.0,0.0,20,15,1,0,42080,104,0
4,14.7,0.0,0.0,22,5,1,1,42080,104,0
4,14.4,0.0,0.0,18,14,1,2,42080,104,0
4,14.4,0.0,0.0,22,17,1,3,42080,104,0
5,13.5,0.0,0.0,20,19,1,4,42080,104,0
5,13.3,0.0,0.0,22,15,1,5,42080,104,0
5,13.3,0.0,0.0,21,13,1,6,42080,104,2
5,13.3,0.0,0.0,12,14,1,7,42080,104,3
5,14.5,0.0,0.0,13,12,1,8,42080,104,6
5,16.1,0.0,0.0,25,15,1,9,42080,104,11
5,19.0,0.0,0.0,25,15,1,10,42080,104,10
5,21.0,0.0,0.0,28,15,1,11,42080,104,10
5,21.9,0.0,0.0,24,17,1,12,42080,104,7
5,24.0,0.0,0.0,17,18,1,13,42080,104,5
5,24.4,0.0,0.0,18,9,1,14,42080,104,6
5,24.3,0.0,0.0,16,9,1,15,42080,104,7
5,23.9,0.0,0.0,11,10,1,16,42080,104,8
5,22.2,0.0,0.0,15,10,1,17,42080,104,5
5,20.5,0.0,0.0,14,10,1,18,42080,104,8
5,19.8,0.0,0.0,21,14,1,19,42080,104,9
5,18.7,0.0,0.0,21,12,1,20,42080,104,7
5,18.1,0.0,0.0,18,17,1,21,42080,104,8
5,18.1,0.0,0.0,26,16,1,22,42080,104,9
5,17.6,0.0,0.0,22,22,1,23,42080,104,0
5,17.0,0.0,0.0,26,20,1,0,42080,104,0
5,16.6,0.0,0.0,32,22,1,1,42080,104,0
5,16.3,0.0,0.0,27,25,1,2,42080,104,0
5,15.9,0.0,0.0,36,27,1,3,42080,104,0
6,15.8,0.0,0.0,32,26,1,4,42080,104,0
6,15.3,0.0,0.0,31,24,1,5,42080,104,0
6,14.9,0.0,0.0,34,25,1,6,42080,104,1
6,14.8,0.0,0.0,27,32,1,7,42080,104,2
6,15.8,0.0,0.0,24,21,1,8,42080,104,5
6,17.1,0.0,0.0,24,14,1,9,42080,104,3
6,18.5,0.0,0.0,20,13,1,10,42080,104,4
6,20.6,0.0,0.0,15,14,1,11,42080,104,14
6,21.7,0.0,0.0,23,28,1,12,42080,104,0
6,23.2,0.0,0.0,41,33,1,13,42080,104,11
6,22.2,0.0,0.0,42,37,1,14,42080,104,4
6,21.3,0.0,0.0,37,34,1,15,42080,104,5
6,20.4,0.0,0.0,48,40,1,16,42080,104,6
6,19.7,0.0,0.0,58,46,1,17,42080,104,8
6,18.2,0.0,0.0,65,45,1,18,42080,104,5
6,17.7,0.0,0.0,63,43,1,19,42080,104,6
6,17.6,0.0,0.0,64,32,1,20,42080,104,3
6,17.2,0.0,0.0,68,40,1,21,42080,104,11
6,16.6,0.0,0.0,72,39,1,22,42080,104,6
6,16.1,0.0,0.0,67,28,1,23,42080,104,4
6,15.3,0.0,0.0,56,32,1,0,42080,104,0
6,14.8,0.0,0.0,52,33,1,1,42080,104,0
6,14.7,0.0,0.0,53,36,1,2,42080,104,0
6,14.9,0.0,0.0,51,36,1,3,42080,104,0
0,14.7,0.0,0.0,48,38,1,4,42080,104,0
0,14.7,0.0,0.0,45,36,1,5,42080,104,0
0,13.9,0.0,0.0,63,45,1,6,42080,104,1
0,13.1,0.0,0.0,54,28,1,7,42080,104,4
0,12.7,0.0,0.0,42,16,1,8,42080,104,15
0,13.0,0.0,0.0,30,3,1,9,42080,104,13
0,14.3,0.0,0.0,27,2,1,10,42080,104,6
0,14.6,0.0,0.0,20,1,1,11,42080,104,10
0,15.9,0.0,0.0,24,2,1,12,42080,104,7
0,16.6,0.0,0.0,17,1,1,13,42080,104,13
0,15.9,0.0,0.0,11,2,1,14,42080,104,7
0,15.6,0.0,0.0,16,3,1,15,42080,104,4
0,14.5,0.0,0.0,14,5,1,16,42080,104,6
0,12.5,0.0,0.0,21,6,1,17,42080,104,9
0,10.8,0.0,0.0,22,6,1,18,42080,104,10
0,10.1,0.0,0.0,23,3,1,19,42080,104,6
0,9.7,0.0,0.0,12,3,1,20,42080,104,4
0,8.6,0.0,0.0,21,7,1,21,42080,104,6
0,7.7,0.0,0.0,18,9,1,22,42080,104,4
0,7.2,0.0,0.0,19,10,1,23,42080,104,3
0,6.5,0.0,0.0,15,5,1,0,42080,104,0
0,6.2,0.0,0.0,19,3,1,1,42080,104,0
0,5.9,0.0,0.0,18,10,1,2,42080,104,0
0,5.7,0.0,0.0,15,11,1,3,42080,104,0
1,4.9,0.0,0.0,14,11,1,4,42080,104,0
1,4.5,0.0,0.0,14,8,1,5,42080,104,0
1,4.4,0.0,0.0,14,10,1,6,42080,104,4
1,4.3,0.0,0.0,17,11,1,7,42080,104,3
1,6.8,0.0,0.0,17,12,1,8,42080,104,12
1,10.1,0.0,0.0,19,9,1,9,42080,104,20
1,10.6,0.0,0.0,34,12,1,10,42080,104,10
1,12.2,0.0,0.0,21,11,1,11,42080,104,10
1,13.1,0.0,0.0,20,5,1,12,42080,104,7
1,14.7,0.0,0.0,15,1,1,13,42080,104,12
1,14.7,0.0,0.0,15,6,1,14,42080,104,2
1,15.1,0.0,0.0,18,8,1,15,42080,104,10
1,14.7,0.0,0.0,17,6,1,16,42080,104,7
1,12.0,0.0,0.0,10,8,1,17,42080,104,5
1,9.8,0.0,0.0,8,11,1,18,42080,104,10
1,8.5,0.0,0.0,10,10,1,19,42080,104,5
1,8.0,0.0,0.0,13,10,1,20,42080,104,6
1,6.9,0.0,0.0,15,9,1,21,42080,104,5
1,5.9,0.0,0.0,17,12,1,22,42080,104,6
1,5.4,0.0,0.0,23,15,1,23,42080,104,2
1,5.0,0.0,0.0,16,14,1,0,42080,104,0
1,4.7,0.0,0.0,15,17,1,1,42080,104,0
1,4.1,0.0,0.0,17,19,1,2,42080,104,0
1,3.7,0.0,0.0,17,16,1,3,42080,104,0
2,3.3,0.0,0.0,12,11,1,4,42080,104,0
2,2.9,0.0,0.0,16,9,1,5,42080,104,0
2,2.5,0.0,0.0,15,14,1,6,42080,104,2
2,2.5,0.0,0.0,12,12,1,7,42080,104,4
2,5.4,0.0,0.0,13,12,1,8,42080,104,9
2,8.2,0.0,0.0,21,16,1,9,42080,104,23
2,11.1,0.0,0.0,25,17,1,10,42080,104,7
2,13.4,0.0,0.0,31,12,1,11,42080,104,12
2,14.8,0.0,0.0,28,7,1,12,42080,104,7
2,16.1,0.0,0.0,19,11,1,13,42080,104,15
2,16.6,0.0,0.0,23,9,1,14,42080,104,8
2,17.4,0.0,0.0,22,12,1,15,42080,104,9
2,16.5,0.0,0.0,22,14,1,16,42080,104,10
2,14.2,0.0,0.0,21,12,1,17,42080,104,7
2,12.6,0.0,0.0,17,15,1,18,42080,104,9
2,10.4,0.0,0.0,23,14,1,19,42080,104,8
2,9.6,0.0,0.0,24,12,1,20,42080,104,5
2,8.6,0.0,0.0,27,11,1,21,42080,104,9
2,7.4,0.0,0.0,19,14,1,22,42080,104,3
2,6.5,0.0,0.0,22,17,1,23,42080,104,4
2,6.1,0.0,0.0,25,13,1,0,42080,104,0
2,5.2,0.0,0.0,15,22,1,1,42080,104,0
2,4.8,0.0,0.0,17,21,1,2,42080,104,0
2,4.4,0.0,0.0,16,15,1,3,42080,104,0
3,4.0,0.0,0.0,17,17,1,4,42080,104,0
3,3.8,0.0,0.0,18,17,1,5,42080,104,0
3,3.5,0.0,0.0,14,19,1,6,42080,104,2
3,3.4,0.0,0.0,14,13,1,7,42080,104,6
3,6.2,0.0,0.0,22,16,1,8,42080,104,14
3,9.3,0.0,0.0,21,17,1,9,42080,104,10
3,11.9,0.0,0.0,33,20,1,10,42080,104,10
3,15.5,0.0,0.0,39,26,1,11,42080,104,10
3,16.4,0.0,0.0,50,22,1,12,42080,104,8
3,17.5,0.0,0.0,36,12,1,13,42080,104,9
3,19.4,0.0,0.0,27,15,1,14,42080,104,6
3,19.7,0.0,0.0,25,19,1,15,42080,104,8
3,18.8,0.0,0.0,35,27,1,16,42080,104,11
3,16.5,0.0,0.0,40,28,1,17,42080,104,6
3,14.7,0.0,0.0,46,39,1,18,42080,104,8
3,12.4,0.0,0.0,46,38,1,19,42080,104,9
3,11.6,0.0,0.0,48,39,1,20,42080,104,9
3,10.9,0.0,0.0,42,38,1,21,42080,104,13
3,10.2,0.0,0.0,37,32,1,22,42080,104,6
3,9.7,0.0,0.0,43,33,1,23,42080,104,0
3,8.9,0.0,0.0,37,34,1,0,42080,104,0
3,8.5,0.0,0.0,37,31,1,1,42080,104,0
3,8.1,0.0,0.0,43,34,1,2,42080,104,0
3,7.6,0.0,0.0,32,36,1,3,42080,104,0
4,7.3,0.0,0.0,33,31,1,4,42080,104,0
4,6.6,0.0,0.0,37,36,1,5,42080,104,0
4,6.4,0.0,0.0,38,30,1,6,42080,104,2
4,6.3,0.0,0.0,31,32,1,7,42080,104,3
4,8.8,0.0,0.0,33,33,1,8,42080,104,11
4,10.8,0.0,0.0,37,23,1,9,42080,104,7
4,14.0,0.0,0.0,0,0,1,10,42080,104,7
4,15.2,0.0,0.0,0,0,1,11,42080,104,6
4,15.9,0.0,0.0,0,0,1,12,42080,104,9
4,16.6,0.0,0.0,0,0,1,13,42080,104,11
4,17.4,0.0,0.0,0,0,1,14,42080,104,7
4,17.9,0.0,0.0,0,0,1,15,42080,104,7
4,17.2,0.0,0.0,0,0,1,16,42080,104,12
4,16.3,0.0,0.0,0,0,1,17,42080,104,8
4,14.8,0.0,0.0,0,0,1,18,42080,104,8
4,13.6,0.0,0.0,0,0,1,19,42080,104,8
4,13.1,0.0,0.0,26,0,1,20,42080,104,10
4,12.8,0.0,0.0,25,0,1,21,42080,104,4
4,12.1,0.0,0.0,31,0,1,22,42080,104,10
4,11.5,0.0,0.0,27,0,1,23,42080,104,4
4,11.3,0.0,0.0,25,0,1,0,42080,104,0
4,11.2,0.0,0.0,24,0,1,1,42080,104,0
4,11.1,0.0,0.0,27,4,1,2,42080,104,0
4,10.7,0.0,0.0,26,6,1,3,42080,104,0
5,9.8,0.0,0.0,24,12,1,4,42080,104,0
5,9.1,0.0,0.0,20,12,1,5,42080,104,0
5,8.7,0.0,0.0,19,9,1,6,42080,104,0
5,8.4,0.0,0.0,22,11,1,7,42080,104,2
5,9.9,0.0,0.0,24,7,1,8,42080,104,8
5,13.5,0.0,0.0,23,6,1,9,42080,104,13
5,15.6,0.0,0.0,35,20,1,10,42080,104,10
5,17.9,0.0,0.0,48,21,1,11,42080,104,9
5,19.4,0.0,0.0,31,6,1,12,42080,104,11
5,20.0,0.0,0.0,17,2,1,13,42080,104,8
5,20.9,0.0,0.0,17,1,1,14,42080,104,13
5,21.2,0.0,0.0,12,10,1,15,42080,104,9
5,21.1,0.0,0.0,25,15,1,16,42080,104,7
5,18.6,0.0,0.0,23,13,1,17,42080,104,10
5,16.2,0.0,0.0,17,10,1,18,42080,104,7
5,15.2,0.0,0.0,15,5,1,19,42080,104,12
5,13.7,0.0,0.0,22,9,1,20,42080,104,4
5,13.5,0.0,0.0,25,13,1,21,42080,104,13
5,13.3,0.0,0.0,20,17,1,22,42080,104,1
5,12.6,0.0,0.0,31,15,1,23,42080,104,6
5,11.8,0.0,0.0,29,17,1,0,42080,104,0
5,11.5,0.0,0.0,23,19,1,1,42080,104,0
5,11.6,0.0,0.0,24,22,1,2,42080,104,0
5,11.7,0.0,0.0,25,25,1,3,42080,104,0
6,11.6,0.0,0.0,31,18,1,4,42080,104,0
6,11.1,0.0,0.0,28,21,1,5,42080,104,0
6,10.6,0.0,0.0,21,18,1,6,42080,104,1
6,10.6,0.0,0.0,25,15,1,7,42080,104,2
6,11.4,0.0,0.0,26,14,1,8,42080,104,5
6,14.5,0.0,0.0,22,8,1,9,42080,104,3
6,16.5,0.0,0.0,32,20,1,10,42080,104,3
6,17.8,0.0,0.0,50,29,1,11,42080,104,0
6,16.7,0.0,0.0,52,25,1,12,42080,104,3
6,17.7,0.0,0.0,53,25,1,13,42080,104,8
6,19.5,0.0,0.0,51,25,1,14,42080,104,8
6,19.2,0.0,0.0,56,25,1,15,42080,104,2
6,18.2,0.0,0.0,47,20,1,16,42080,104,1
6,15.6,0.0,0.0,42,15,1,17,42080,104,6
6,13.6,0.0,0.0,33,18,1,18,42080,104,10
6,11.7,0.0,0.0,25,12,1,19,42080,104,7
6,10.7,0.0,0.0,29,19,1,20,42080,104,6
6,10.3,0.0,0.0,27,11,1,21,42080,104,8
6,10.2,0.0,0.0,24,14,1,22,42080,104,6
6,9.8,0.0,0.0,24,9,1,23,42080,104,4
6,8.3,0.0,0.0,25,11,1,0,42080,104,0
6,7.3,0.0,0.0,19,7,1,1,42080,104,0
6,6.6,0.0,0.0,18,11,1,2,42080,104,0
6,6.3,0.0,0.0,20,15,1,3,42080,104,0
0,6.1,0.0,0.0,17,17,1,4,42080,104,0
0,5.8,0.0,0.0,16,15,1,5,42080,104,0
0,5.8,0.0,0.0,14,8,1,6,42080,104,1
0,6.1,0.0,0.0,19,11,1,7,42080,104,3
0,7.3,0.0,0.0,16,7,1,8,42080,104,6
0,11.2,0.0,0.0,32,15,1,9,42080,104,12
0,12.8,0.0,0.0,26,16,1,10,42080,104,11
0,13.5,0.0,0.0,28,16,1,11,42080,104,9
0,14.9,0.0,0.0,29,11,1,12,42080,104,7
0,14.7,0.0,0.0,33,19,1,13,42080,104,21
0,15.2,0.0,0.0,34,12,1,14,42080,104,11
0,15.2,0.0,0.0,29,13,1,15,42080,104,13
0,14.7,0.0,0.0,27,16,1,16,42080,104,10
0,12.0,0.0,0.0,20,11,1,17,42080,104,9
0,10.0,0.0,0.0,24,11,1,18,42080,104,10
0,8.8,0.0,0.0,27,11,1,19,42080,104,6
0,8.1,0.0,0.0,23,10,1,20,42080,104,8
0,7.4,0.0,0.0,21,8,1,21,42080,104,4
0,7.2,0.0,0.0,18,9,1,22,42080,104,5
0,6.5,0.0,0.0,22,13,1,23,42080,104,3
0,6.6,0.0,0.0,26,13,1,0,42080,104,0
0,5.4,0.0,0.0,23,14,1,1,42080,104,0
0,4.9,0.0,0.0,17,16,1,2,42080,104,0
0,4.0,0.0,0.0,24,16,1,3,42080,104,0
1,3.9,0.0,0.0,19,20,1,4,42080,104,0
1,3.3,0.0,0.0,21,19,1,5,42080,104,0
1,2.8,0.0,0.0,21,20,1,6,42080,104,2
1,2.6,0.0,0.0,21,14,1,7,42080,104,0
1,5.4,0.0,0.0,20,16,1,8,42080,104,13
1,8.4,0.0,0.0,25,20,1,9,42080,104,22
1,10.9,0.0,0.0,32,20,1,10,42080,104,2
1,13.3,0.0,0.0,32,19,1,11,42080,104,10
1,14.1,0.0,0.0,29,11,1,12,42080,104,8
1,15.1,0.0,0.0,23,7,1,13,42080,104,14
1,16.8,0.0,0.0,16,6,1,14,42080,104,4
1,16.8,0.0,0.0,12,2,1,15,42080,104,11
1,16.7,0.0,0.0,15,4,1,16,42080,104,6
1,14.6,0.0,0.0,7,3,1,17,42080,104,8
1,13.6,0.0,0.0,8,8,1,18,42080,104,12
1,12.1,0.0,0.0,17,9,1,19,42080,104,2
1,10.1,0.0,0.0,13,7,1,20,42080,104,8
1,9.0,0.0,0.0,16,9,1,21,42080,104,5
1,8.4,0.0,0.0,14,9,1,22,42080,104,8
1,8.2,0.0,0.0,12,12,1,23,42080,104,0
1,8.0,0.0,0.0,15,10,1,0,42080,104,0
1,7.2,0.0,0.0,12,5,1,1,42080,104,0
1,6.3,0.0,0.0,14,8,1,2,42080,104,0
1,5.8,0.0,0.0,13,10,1,3,42080,104,0
2,5.2,0.0,0.0,12,9,1,4,42080,104,0
2,4.7,0.0,0.0,10,8,1,5,42080,104,0
2,4.2,0.0,0.0,9,5,1,6,42080,104,2
2,4.2,0.0,0.0,7,9,1,7,42080,104,1
2,6.5,0.0,0.0,10,8,1,8,42080,104,9
2,10.3,0.0,0.0,13,5,1,9,42080,104,20
2,12.5,0.0,0.0,18,16,1,10,42080,104,8
2,15.0,0.0,0.0,27,11,1,11,42080,104,15
2,17.1,0.0,0.0,21,7,1,12,42080,104,6
2,18.1,0.0,0.0,15,8,1,13,42080,104,9
2,18.3,0.0,0.0,11,4,1,14,42080,104,10
2,17.7,0.0,0.0,12,6,1,15,42080,104,9
2,16.8,0.0,0.0,14,6,1,16,42080,104,12
2,14.7,0.0,0.0,12,9,1,17,42080,104,9
2,13.3,0.0,0.0,14,12,1,18,42080,104,16
2,12.6,0.0,0.0,18,8,1,19,42080,104,12
2,11.5,0.0,0.0,19,10,1,20,42080,104,3
2,10.9,0.0,0.0,23,13,1,21,42080,104,4
2,10.6,0.0,0.0,22,14,1,22,42080,104,5
2,10.0,0.0,0.0,19,13,1,23,42080,104,5
2,9.5,0.0,0.0,21,15,1,0,42080,104,0
2,9.1,0.0,0.0,29,12,1,1,42080,104,0
2,8.6,0.0,0.0,26,13,1,2,42080,104,0
2,8.1,0.0,0.0,16,17,1,3,42080,104,0
3,7.8,0.0,0.0,15,14,1,4,42080,104,0
3,7.4,0.0,0.0,15,15,1,5,42080,104,0
3,6.9,0.0,0.0,15,14,1,6,42080,104,2
3,6.3,0.0,0.0,16,17,1,7,42080,104,0
3,7.8,0.0,0.0,17,13,1,8,42080,104,11
3,10.9,0.0,0.0,28,16,1,9,42080,104,9
3,13.6,0.0,0.0,29,22,1,10,42080,104,5
3,15.4,0.0,0.0,41,35,1,11,42080,104,11
3,17.7,0.0,0.0,49,34,1,12,42080,104,10
3,19.0,0.0,0.0,45,32,1,13,42080,104,13
3,20.3,0.0,0.0,37,19,1,14,42080,104,5
3,20.2,0.0,0.0,27,18,1,15,42080,104,11
3,19.6,0.0,0.0,32,18,1,16,42080,104,9
3,17.1,0.0,0.0,32,18,1,17,42080,104,12
3,14.9,0.0,0.0,30,23,1,18,42080,104,11
3,13.6,0.0,0.0,33,23,1,19,42080,104,6
3,13.3,0.0,0.0,35,14,1,20,42080,104,6
3,11.8,0.0,0.0,35,15,1,21,42080,104,11
3,11.3,0.0,0.0,34,13,1,22,42080,104,3
3,10.5,0.0,0.0,34,14,1,23,42080,104,4
3,9.7,0.0,0.0,33,19,1,0,42080,104,0
3,8.8,0.0,0.0,32,22,1,1,42080,104,0
3,8.3,0.0,0.0,27,24,1,2,42080,104,0
3,7.9,0.0,0.0,28,26,1,3,42080,104,0
4,7.6,0.0,0.0,27,24,1,4,42080,104,0
4,8.6,0.0,0.0,28,17,1,5,42080,104,0
4,9.2,0.0,0.0,26,16,1,6,42080,104,2
4,9.6,0.0,0.0,26,18,1,7,42080,104,0
4,10.2,0.0,0.0,35,22,1,8,42080,104,5
4,11.4,0.0,0.0,41,28,1,9,42080,104,13
4,12.8,0.0,0.0,46,28,1,10,42080,104,9
4,15.4,0.0,0.0,59,34,1,11,42080,104,8
4,16.8,0.0,0.0,61,31,1,12,42080,104,8
4,18.6,0.0,0.0,54,32,1,13,42080,104,10
4,19.9,0.0,0.0,50,44,1,14,42080,104,36
4,20.4,0.0,0.0,49,37,1,15,42080,104,7
4,21.0,0.0,0.0,48,20,1,16,42080,104,9
4,17.8,0.0,0.0,35,16,1,17,42080,104,12
4,15.5,0.0,0.0,32,25,1,18,42080,104,16
4,13.9,0.0,0.0,34,22,1,19,42080,104,14
4,13.3,0.0,0.0,38,15,1,20,42080,104,8
4,12.5,0.0,0.0,38,20,1,21,42080,104,11
4,12.6,0.0,0.0,39,15,1,22,42080,104,8
4,11.6,0.0,0.0,28,15,1,23,42080,104,3
4,12.0,0.0,0.0,19,11,1,0,42080,104,0
4,12.6,0.0,0.0,20,16,1,1,42080,104,0
4,11.5,0.0,0.0,19,11,1,2,42080,104,0
4,9.7,0.0,0.0,16,14,1,3,42080,104,0
5,9.0,0.0,0.0,10,16,1,4,42080,104,0
5,8.5,0.0,0.0,15,12,1,5,42080,104,0
5,8.1,0.0,0.0,15,15,1,6,42080,104,1
5,8.0,0.0,0.0,19,13,1,7,42080,104,5
5,9.3,0.0,0.0,18,10,1,8,42080,104,9
5,12.5,0.0,0.0,17,3,1,9,42080,104,6
5,15.2,0.0,0.0,26,12,1,10,42080,104,14
5,17.7,0.0,0.0,33,20,1,11,42080,104,5
5,18.4,0.0,0.0,31,15,1,12,42080,104,12
5,20.0,0.0,0.0,28,16,1,13,42080,104,11
5,20.2,0.0,0.0,33,26,1,14,42080,104,15
5,20.1,0.0,0.0,39,23,1,15,42080,104,13
5,21.4,0.0,0.0,33,27,1,16,42080,104,8
5,18.3,0.0,0.0,40,24,1,17,42080,104,11
5,15.9,0.0,0.0,34,26,1,18,42080,104,12
5,14.8,0.0,0.0,32,15,1,19,42080,104,10
5,13.5,0.0,0.0,30,15,1,20,42080,104,5
5,12.7,0.0,0.0,32,22,1,21,42080,104,5
5,11.9,0.0,0.0,37,25,1,22,42080,104,4
5,11.4,0.0,0.0,32,26,1,23,42080,104,0
5,10.4,0.0,0.0,32,28,1,0,42080,104,0
5,9.6,0.0,0.0,34,12,1,1,42080,104,0
5,9.7,0.0,0.0,36,24,1,2,42080,104,0
5,9.1,0.0,0.0,34,28,1,3,42080,104,0
6,8.7,0.0,0.0,32,26,1,4,42080,104,0
6,8.2,0.0,0.0,24,23,1,5,42080,104,0
6,8.0,0.0,0.0,20,21,1,6,42080,104,1
6,7.9,0.0,0.0,19,17,1,7,42080,104,0
6,8.9,0.0,0.0,21,16,1,8,42080,104,6
6,12.0,0.0,0.0,21,6,1,9,42080,104,4
6,14.8,0.0,0.0,26,19,1,10,42080,104,8
6,17.5,0.0,0.0,26,12,1,11,42080,104,5
6,18.7,0.0,0.0,16,8,1,12,42080,104,4
6,20.3,0.0,0.0,17,7,1,13,42080,104,8
6,21.0,0.0,0.0,17,8,1,14,42080,104,7
6,20.1,0.0,0.0,15,12,1,15,42080,104,4
6,20.6,0.0,0.0,11,9,1,16,42080,104,2
6,17.9,0.0,0.0,19,11,1,17,42080,104,12
6,16.9,0.0,0.0,16,13,1,18,42080,104,7
6,14.8,0.0,0.0,15,12,1,19,42080,104,11
6,13.4,0.0,0.0,19,9,1,20,42080,104,10
6,13.8,0.0,0.0,18,11,1,21,42080,104,8
6,13.2,0.0,0.0,15,9,1,22,42080,104,4
6,13.3,0.0,0.0,13,9,1,23,42080,104,0
6,12.8,0.0,0.0,14,5,1,0,42080,104,0
6,12.7,0.0,0.0,11,6,1,1,42080,104,0
6,12.1,0.0,0.0,8,5,1,2,42080,104,0
6,11.9,0.0,0.0,8,5,1,3,42080,104,0
0,11.0,0.0,0.0,9,7,1,4,42080,104,0
0,9.9,0.0,0.0,10,9,1,5,42080,104,0
0,9.6,0.0,0.0,10,4,1,6,42080,104,0
0,9.4,0.0,0.0,10,12,1,7,42080,104,5
0,10.1,0.0,0.0,9,11,1,8,42080,104,7
0,14.1,0.0,0.0,14,9,1,9,42080,104,21
0,16.4,0.0,0.0,20,10,1,10,42080,104,7
0,17.9,0.0,0.0,19,5,1,11,42080,104,7
0,18.6,0.0,0.0,15,6,1,12,42080,104,11
0,20.1,0.0,0.0,18,12,1,13,42080,104,15
0,20.4,0.0,0.0,19,8,1,14,42080,104,5
0,20.2,0.0,0.0,16,8,1,15,42080,104,7
0,20.1,0.0,0.0,12,15,1,16,42080,104,6
0,17.7,0.0,0.0,16,14,1,17,42080,104,4
0,15.9,0.0,0.0,14,16,1,18,42080,104,9
0,14.3,0.0,0.0,16,6,1,19,42080,104,7
0,12.6,0.0,0.0,19,5,1,20,42080,104,6
0,12.2,0.0,0.0,21,12,1,21,42080,104,8
0,11.4,0.0,0.0,24,18,1,22,42080,104,10
0,10.8,0.0,0.0,19,17,1,23,42080,104,3
0,10.1,0.0,0.0,19,17,1,0,42080,104,0
0,9.7,0.0,0.0,25,12,1,1,42080,104,0
0,9.2,0.0,0.0,24,18,1,2,42080,104,0
0,8.7,0.0,0.0,24,22,1,3,42080,104,0
1,8.3,0.0,0.0,4,23,1,4,42080,104,0
1,8.8,0.0,0.0,24,20,1,5,42080,104,0
1,8.9,0.0,0.0,25,19,1,6,42080,104,1
1,9.0,0.0,0.0,25,16,1,7,42080,104,5
1,9.8,0.0,0.0,24,20,1,8,42080,104,14
1,12.0,0.0,0.0,33,22,1,9,42080,104,25
1,14.5,0.0,0.0,40,25,1,10,42080,104,4
1,16.5,0.0,0.0,56,28,1,11,42080,104,3
1,17.3,0.0,0.0,50,22,1,12,42080,104,10
1,18.5,0.0,0.0,41,16,1,13,42080,104,8
1,18.5,0.0,0.0,46,30,1,14,42080,104,2
1,17.7,0.0,0.0,53,44,1,15,42080,104,9
1,18.2,0.0,0.0,50,35,1,16,42080,104,8
1,16.3,0.0,0.0,56,37,1,17,42080,104,5
1,14.5,0.0,0.0,57,35,1,18,42080,104,9
1,13.1,0.0,0.0,61,34,1,19,42080,104,3
1,12.7,0.0,0.0,61,28,1,20,42080,104,7
1,11.7,0.0,0.0,70,37,1,21,42080,104,6
1,11.4,0.0,0.0,74,37,1,22,42080,104,5
1,10.5,0.0,0.0,68,36,1,23,42080,104,2
1,9.3,0.0,0.0,64,37,1,0,42080,104,0
1,8.5,0.0,0.0,60,37,1,1,42080,104,0
1,7.8,0.0,0.0,63,43,1,2,42080,104,0
1,7.1,0.0,0.0,51,32,1,3,42080,104,0
2,6.8,0.0,0.0,49,27,1,4,42080,104,0
2,6.1,0.0,0.0,49,25,1,5,42080,104,0
2,5.6,0.0,0.0,51,21,1,6,42080,104,1
2,5.0,0.0,0.0,45,25,1,7,42080,104,1
2,6.0,0.0,0.0,46,15,1,8,42080,104,12
2,8.7,0.0,0.0,41,7,1,9,42080,104,15
2,11.9,0.0,0.0,41,11,1,10,42080,104,4
2,14.9,0.0,0.0,53,31,1,11,42080,104,7
2,17.0,0.0,0.0,63,42,1,12,42080,104,8
2,17.7,0.0,0.0,59,47,1,13,42080,104,15
2,18.0,0.0,0.0,47,28,1,14,42080,104,7
2,19.6,0.0,0.0,32,19,1,15,42080,104,7
2,18.9,0.0,0.0,32,12,1,16,42080,104,14
2,16.2,0.0,0.0,16,13,1,17,42080,104,10
2,13.8,0.0,0.0,22,18,1,18,42080,104,13
2,12.4,0.0,0.0,26,17,1,19,42080,104,6
2,10.8,0.0,0.0,35,18,1,20,42080,104,5
2,9.7,0.0,0.0,29,10,1,21,42080,104,8
2,8.6,0.0,0.0,24,7,1,22,42080,104,9
2,7.2,0.0,0.0,22,14,1,23,42080,104,3
2,5.9,0.0,0.0,17,11,1,0,42080,104,0
2,5.5,0.0,0.0,22,6,1,1,42080,104,0
2,4.8,0.0,0.0,18,16,1,2,42080,104,0
2,4.8,0.0,0.0,18,14,1,3,42080,104,0
3,4.1,0.0,0.0,24,13,1,4,42080,104,0
3,3.8,0.0,0.0,13,13,1,5,42080,104,0
3,4.2,0.0,0.0,17,14,1,6,42080,104,3
3,3.8,0.0,0.0,20,19,1,7,42080,104,4
3,5.1,0.0,0.0,19,12,1,8,42080,104,7
3,7.2,0.0,0.0,26,22,1,9,42080,104,12
3,9.5,0.0,0.0,33,22,1,10,42080,104,5
3,11.4,0.0,0.0,46,28,1,11,42080,104,11
3,13.4,0.0,0.0,58,27,1,12,42080,104,10
3,14.9,0.0,0.0,48,28,1,13,42080,104,15
3,15.9,0.0,0.0,43,24,1,14,42080,104,7
3,16.0,0.0,0.0,43,29,1,15,42080,104,7
3,15.1,0.0,0.0,35,24,1,16,42080,104,5
3,13.1,0.0,0.0,40,26,1,17,42080,104,7
3,11.8,0.0,0.0,49,27,1,18,42080,104,12
3,11.2,0.0,0.0,54,27,1,19,42080,104,7
3,10.2,0.0,0.0,48,24,1,20,42080,104,4
3,9.8,0.0,0.0,41,23,1,21,42080,104,9
3,9.5,0.0,0.0,39,24,1,22,42080,104,3
3,9.1,0.0,0.0,35,22,1,23,42080,104,5
3,8.0,0.0,0.0,31,18,1,0,42080,104,0
3,6.9,0.0,0.0,27,17,1,1,42080,104,0
3,6.2,0.0,0.0,23,10,1,2,42080,104,0
3,5.3,0.0,0.0,10,5,1,3,42080,104,0
4,4.6,0.0,0.0,15,2,1,4,42080,104,0
4,3.6,0.0,0.0,14,5,1,5,42080,104,0
4,3.0,0.0,0.0,19,6,1,6,42080,104,2
4,2.3,0.0,0.0,15,13,1,7,42080,104,3
4,4.4,0.0,0.0,16,11,1,8,42080,104,9
4,6.8,0.0,0.0,21,12,1,9,42080,104,18
4,7.3,0.0,0.0,22,11,1,10,42080,104,9
4,8.5,0.0,0.0,21,12,1,11,42080,104,8
4,10.2,0.0,0.0,28,13,1,12,42080,104,9
4,10.6,0.0,0.0,26,11,1,13,42080,104,15
4,11.2,0.0,0.0,21,14,1,14,42080,104,11
4,10.4,0.0,0.0,20,13,1,15,42080,104,10
4,9.6,0.0,0.0,20,12,1,16,42080,104,6
4,7.5,0.0,0.0,26,8,1,17,42080,104,9
4,6.0,0.0,0.0,22,14,1,18,42080,104,12
4,4.9,0.0,0.0,26,7,1,19,42080,104,7
4,4.4,0.0,0.0,24,7,1,20,42080,104,5
4,3.5,0.0,0.0,28,6,1,21,42080,104,8
4,3.0,0.0,0.0,30,10,1,22,42080,104,6
4,2.4,0.0,0.0,22,9,1,23,42080,104,0
4,1.9,0.0,0.0,23,11,1,0,42080,104,0
4,1.4,0.0,0.0,18,13,1,1,42080,104,0
4,1.1,0.0,0.0,19,16,1,2,42080,104,0
4,0.2,0.0,0.0,19,7,1,3,42080,104,0
5,-0.3,0.0,0.0,17,13,1,4,42080,104,0
5,-0.7,0.0,0.0,11,12,1,5,42080,104,0
5,-1.1,0.0,0.0,15,10,1,6,42080,104,0
5,-1.2,0.0,0.0,17,11,1,7,42080,104,1
5,1.1,0.0,0.0,14,14,1,8,42080,104,9
5,4.7,0.0,0.0,17,13,1,9,42080,104,8
5,7.6,0.0,0.0,36,13,1,10,42080,104,4
5,9.8,0.0,0.0,41,10,1,11,42080,104,8
5,12.2,0.0,0.0,33,10,1,12,42080,104,9
5,12.8,0.0,0.0,27,4,1,13,42080,104,8
5,13.3,0.0,0.0,18,8,1,14,42080,104,10
5,14.2,0.0,0.0,17,8,1,15,42080,104,8
5,13.9,0.0,0.0,20,16,1,16,42080,104,6
5,11.2,0.0,0.0,24,19,1,17,42080,104,9
5,9.7,0.0,0.0,25,12,1,18,42080,104,4
5,7.6,0.0,0.0,23,13,1,19,42080,104,11
5,6.7,0.0,0.0,24,16,1,20,42080,104,5
5,6.1,0.0,0.0,29,15,1,21,42080,104,10
5,4.6,0.0,0.0,25,20,1,22,42080,104,4
5,3.9,0.0,0.0,31,21,1,23,42080,104,3
5,3.1,0.0,0.0,26,18,1,0,42080,104,0
5,2.5,0.0,0.0,27,17,1,1,42080,104,0
5,2.0,0.0,0.0,34,19,1,2,42080,104,0
5,1.7,0.0,0.0,24,24,1,3,42080,104,0
6,2.1,0.0,0.0,22,22,1,4,42080,104,0
6,1.7,0.0,0.0,23,19,1,5,42080,104,0
6,1.2,0.0,0.0,25,26,1,6,42080,104,0
6,1.2,0.0,0.0,23,23,1,7,42080,104,0
6,2.5,0.0,0.0,22,19,1,8,42080,104,6
6,5.2,0.0,0.0,24,17,1,9,42080,104,6
6,8.4,0.0,0.0,32,21,1,10,42080,104,7
6,12.4,0.0,0.0,33,19,1,11,42080,104,14
6,14.5,0.0,0.0,35,19,1,12,42080,104,13
6,15.4,0.0,0.0,32,15,1,13,42080,104,10
6,15.3,0.0,0.0,24,11,1,14,42080,104,3
6,16.4,0.0,0.0,26,15,1,15,42080,104,4
6,15.3,0.0,0.0,31,19,1,16,42080,104,10
6,13.4,0.0,0.0,30,18,1,17,42080,104,7
6,11.6,0.0,0.0,23,20,1,18,42080,104,8
6,9.9,0.0,0.0,31,16,1,19,42080,104,7
6,8.4,0.0,0.0,34,23,1,20,42080,104,4
6,7.7,0.0,0.0,33,26,1,21,42080,104,6
6,7.0,0.0,0.0,33,22,1,22,42080,104,8
6,6.6,0.0,0.0,33,28,1,23,42080,104,5
6,5.6,0.0,0.0,34,27,1,0,42080,104,0
6,4.8,0.0,0.0,34,25,1,1,42080,104,0
6,4.4,0.0,0.0,31,27,1,2,42080,104,0
6,4.1,0.0,0.0,31,28,1,3,42080,104,0
0,3.5,0.0,0.0,28,23,1,4,42080,104,0
0,3.2,0.0,0.0,23,18,1,5,42080,104,0
0,2.9,0.0,0.0,28,23,1,6,42080,104,1
0,2.5,0.0,0.0,26,21,1,7,42080,104,3
0,3.8,0.0,0.0,26,25,1,8,42080,104,15
0,6.6,0.0,0.0,32,26,1,9,42080,104,13
0,9.3,0.0,0.0,39,25,1,10,42080,104,3
0,10.5,0.0,0.0,60,35,1,11,42080,104,1
0,13.5,0.0,0.0,58,31,1,12,42080,104,6
0,15.1,0.0,0.0,50,22,1,13,42080,104,14
0,16.5,0.0,0.0,33,19,1,14,42080,104,3
0,16.3,0.0,0.0,41,19,1,15,42080,104,5
0,17.0,0.0,0.0,48,28,1,16,42080,104,6
0,14.4,0.0,0.0,46,31,1,17,42080,104,10
0,12.7,0.0,0.0,41,25,1,18,42080,104,10
0,11.7,0.0,0.0,35,24,1,19,42080,104,6
0,11.1,0.0,0.0,40,21,1,20,42080,104,11
0,10.9,0.0,0.0,43,24,1,21,42080,104,6
0,10.7,0.0,0.0,38,23,1,22,42080,104,6
0,10.2,0.0,0.0,35,28,1,23,42080,104,6
0,9.7,0.0,0.0,44,32,1,0,42080,104,0
0,9.6,0.0,0.0,36,20,1,1,42080,104,0
0,9.5,0.0,0.0,39,34,1,2,42080,104,0
0,8.9,0.0,0.0,36,37,1,3,42080,104,0
1,7.8,0.0,0.0,41,34,1,4,42080,104,0
1,7.0,0.0,0.0,34,31,1,5,42080,104,0
1,6.3,0.0,0.0,36,30,1,6,42080,104,1
1,6.5,0.0,0.0,31,28,1,7,42080,104,2
1,6.9,0.0,0.0,33,27,1,8,42080,104,16
1,9.3,0.0,0.0,39,29,1,9,42080,104,23
1,12.7,0.0,0.0,48,35,1,10,42080,104,5
1,15.0,0.0,0.0,55,34,1,11,42080,104,7
1,17.5,0.0,0.0,63,29,1,12,42080,104,7
1,17.7,0.0,0.0,0,0,1,13,42080,104,19
1,19.3,0.0,0.0,0,0,1,14,42080,104,6
1,19.3,0.0,0.0,34,25,1,15,42080,104,5
1,18.1,0.0,0.0,31,19,1,16,42080,104,7
1,16.8,0.0,0.0,29,20,1,17,42080,104,7
1,15.1,0.0,0.0,31,22,1,18,42080,104,11
1,13.7,0.0,0.0,30,21,1,19,42080,104,10
1,12.4,0.0,0.0,35,22,1,20,42080,104,8
1,11.2,0.0,0.0,30,27,1,21,42080,104,6
1,10.1,0.0,0.0,36,28,1,22,42080,104,4
1,9.1,0.0,0.0,41,29,1,23,42080,104,0
1,8.5,0.0,0.0,36,27,1,0,42080,104,0
1,7.7,0.0,0.0,38,29,1,1,42080,104,0
1,7.0,0.0,0.0,39,36,1,2,42080,104,0
1,6.6,0.0,0.0,35,34,1,3,42080,104,0
2,6.6,0.0,0.0,39,35,1,4,42080,104,0
2,7.2,0.0,0.0,37,37,1,5,42080,104,0
2,7.3,0.0,0.0,46,32,1,6,42080,104,3
2,7.5,0.0,0.0,55,32,1,7,42080,104,2
2,7.8,0.0,0.0,53,39,1,8,42080,104,12
2,8.6,0.0,0.0,68,43,1,9,42080,104,20
2,9.3,0.0,0.0,69,46,1,10,42080,104,9
2,10.6,0.0,0.0,72,54,1,11,42080,104,8
2,12.8,0.0,0.0,78,59,1,12,42080,104,7
2,15.1,0.0,0.0,75,65,1,13,42080,104,21
2,16.9,0.0,0.0,75,62,1,14,42080,104,6
2,16.8,0.0,0.0,61,40,1,15,42080,104,11
2,15.7,0.0,0.0,36,29,1,16,42080,104,10
2,14.2,0.0,0.0,46,40,1,17,42080,104,6
2,12.7,0.0,0.0,50,47,1,18,42080,104,10
2,11.7,0.0,0.0,53,48,1,19,42080,104,5
2,10.9,0.0,0.0,62,50,1,20,42080,104,3
2,9.8,0.0,0.0,57,50,1,21,42080,104,7
2,9.0,0.0,0.0,63,50,1,22,42080,104,4
2,8.2,0.0,0.0,58,52,1,23,42080,104,0
2,7.6,0.0,0.0,56,51,1,0,42080,104,0
2,6.8,0.0,0.0,56,50,1,1,42080,104,0
2,6.8,0.0,0.0,58,56,1,2,42080,104,0
2,6.5,0.0,0.0,55,55,1,3,42080,104,0
3,5.9,0.0,0.0,56,50,1,4,42080,104,0
3,5.5,0.0,0.0,52,46,1,5,42080,104,0
3,5.2,0.0,0.0,55,41,1,6,42080,104,1
3,4.8,0.0,0.0,52,43,1,7,42080,104,3
3,5.5,0.0,0.0,57,41,1,8,42080,104,13
3,8.8,0.0,0.0,53,47,1,9,42080,104,10
3,11.4,0.0,0.0,65,41,1,10,42080,104,7
3,14.2,0.0,0.0,76,54,1,11,42080,104,7
3,17.3,0.0,0.0,84,64,1,12,42080,104,12
3,18.2,0.0,0.0,80,68,1,13,42080,104,10
3,19.2,0.0,0.0,73,69,1,14,42080,104,6
3,19.4,0.0,0.0,69,65,1,15,42080,104,7
3,19.1,0.0,0.0,64,45,1,16,42080,104,11
3,16.7,0.0,0.0,51,32,1,17,42080,104,12
3,14.5,0.0,0.0,50,41,1,18,42080,104,11
3,14.3,0.0,0.0,59,47,1,19,42080,104,4
3,12.7,0.0,0.0,62,46,1,20,42080,104,9
3,12.0,0.0,0.0,64,52,1,21,42080,104,7
3,11.0,0.0,0.0,66,56,1,22,42080,104,5
3,10.2,0.0,0.0,64,60,1,23,42080,104,0
3,9.8,0.0,0.0,65,60,1,0,42080,104,0
3,9.1,0.0,0.0,68,56,1,1,42080,104,0
3,8.6,0.0,0.0,68,0,1,2,42080,104,0
3,7.8,0.0,0.0,70,0,1,3,42080,104,0
4,7.8,0.0,0.0,70,69,1,4,42080,104,0
4,7.4,0.0,0.0,67,0,1,5,42080,104,0
4,7.1,0.0,0.0,68,67,1,6,42080,104,3
4,7.0,0.0,0.0,74,61,1,7,42080,104,1
4,7.5,0.0,0.0,69,60,1,8,42080,104,10
4,11.0,0.0,0.0,72,54,1,9,42080,104,16
4,14.9,0.0,0.0,85,57,1,10,42080,104,7
4,16.9,0.0,0.0,89,57,1,11,42080,104,6
4,20.0,0.0,0.0,72,42,1,12,42080,104,6
4,21.3,0.0,0.0,62,37,1,13,42080,104,12
4,22.3,0.0,0.0,47,43,1,14,42080,104,10
4,22.1,0.0,0.0,51,35,1,15,42080,104,9
4,21.2,0.0,0.0,41,32,1,16,42080,104,9
4,19.9,0.0,0.0,47,30,1,17,42080,104,9
4,17.8,0.0,0.0,38,31,1,18,42080,104,8
4,16.3,0.0,0.0,37,29,1,19,42080,104,6
4,14.7,0.0,0.0,38,27,1,20,42080,104,9
4,13.7,0.0,0.0,49,31,1,21,42080,104,5
4,12.8,0.0,0.0,46,36,1,22,42080,104,3
4,11.9,0.0,0.0,45,35,1,23,42080,104,6
4,11.3,0.0,0.0,48,38,1,0,42080,104,0
4,10.6,0.0,0.0,52,41,1,1,42080,104,0
4,9.9,0.0,0.0,48,42,1,2,42080,104,0
4,9.9,0.0,0.0,51,45,1,3,42080,104,0
5,9.2,0.0,0.0,47,42,1,4,42080,104,0
5,9.0,0.0,0.0,42,40,1,5,42080,104,0
5,8.8,0.0,0.0,45,42,1,6,42080,104,1
5,8.9,0.0,0.0,42,37,1,7,42080,104,5
5,10.0,0.0,0.0,47,35,1,8,42080,104,7
5,11.4,0.0,0.0,48,41,1,9,42080,104,5
5,15.8,0.0,0.0,55,41,1,10,42080,104,7
5,18.4,0.0,0.0,59,45,1,11,42080,104,7
5,20.5,0.0,0.0,67,47,1,12,42080,104,9
5,22.3,0.0,0.0,58,41,1,13,42080,104,7
5,24.6,0.0,0.0,50,42,1,14,42080,104,6
5,24.2,0.0,0.0,38,38,1,15,42080,104,6
5,23.5,0.0,0.0,35,37,1,16,42080,104,12
5,20.0,0.0,0.0,30,18,1,17,42080,104,9
5,19.7,0.0,0.0,30,5,1,18,42080,104,3
5,19.9,0.0,0.0,20,15,1,19,42080,104,3
5,20.0,0.0,0.0,23,16,1,20,42080,104,6
5,20.4,0.0,0.0,23,14,1,21,42080,104,6
5,21.2,0.0,0.0,21,9,1,22,42080,104,6
5,19.6,0.0,0.0,19,11,1,23,42080,104,6
5,18.1,3.3,0.0,14,7,1,0,42080,104,0
5,18.3,0.0,0.0,12,3,1,1,42080,104,0
5,18.0,0.0,0.0,10,1,1,2,42080,104,0
5,17.4,2.4,0.0,5,6,1,3,42080,104,0
6,15.4,0.0,0.0,6,6,1,4,42080,104,0
6,13.7,0.0,0.0,11,10,1,5,42080,104,0
6,12.5,0.1,0.0,10,13,1,6,42080,104,0
6,11.5,0.0,0.0,17,13,1,7,42080,104,3
6,10.7,0.0,0.0,15,12,1,8,42080,104,6
6,10.7,0.0,0.0,29,18,1,9,42080,104,6
6,11.1,0.0,0.0,27,15,1,10,42080,104,3
6,11.4,0.0,0.0,28,13,1,11,42080,104,6
6,11.4,0.0,0.0,24,8,1,12,42080,104,4
6,11.6,0.0,0.0,20,16,1,13,42080,104,4
6,11.9,0.0,0.0,20,19,1,14,42080,104,3
6,11.7,0.0,0.0,22,18,1,15,42080,104,2
6,11.0,0.0,0.0,23,19,1,16,42080,104,8
6,10.7,0.0,0.0,26,20,1,17,42080,104,8
6,10.3,0.0,0.0,23,20,1,18,42080,104,8
6,9.9,0.0,0.0,25,14,1,19,42080,104,11
6,9.7,0.0,0.0,24,22,1,20,42080,104,6
6,9.6,0.0,0.0,27,26,1,21,42080,104,13
6,9.4,0.0,0.0,28,31,1,22,42080,104,10
6,9.4,0.0,0.0,31,25,1,23,42080,104,1
6,9.3,0.0,0.0,36,31,1,0,42080,104,0
6,8.9,0.0,0.0,31,30,1,1,42080,104,0
6,8.2,0.0,0.0,39,34,1,2,42080,104,0
6,8.5,0.0,0.0,39,33,1,3,42080,104,0
0,8.7,0.0,0.0,31,30,1,4,42080,104,0
0,8.5,0.0,0.0,29,29,1,5,42080,104,0
0,8.6,0.0,0.0,33,30,1,6,42080,104,3
0,8.3,0.0,0.0,33,27,1,7,42080,104,3
0,8.8,0.0,0.0,36,27,1,8,42080,104,8
0,9.3,0.0,0.0,37,28,1,9,42080,104,17
0,9.8,0.0,0.0,39,29,1,10,42080,104,4
0,10.7,0.0,0.0,37,28,1,11,42080,104,5
0,12.1,0.0,0.0,38,21,1,12,42080,104,13
0,12.9,0.0,0.0,42,30,1,13,42080,104,23
0,13.2,0.0,0.0,36,31,1,14,42080,104,7
0,14.0,0.0,0.0,35,28,1,15,42080,104,8
0,13.6,0.0,0.0,40,32,1,16,42080,104,9
0,12.5,0.0,0.0,35,25,1,17,42080,104,5
0,10.4,0.0,0.0,28,12,1,18,42080,104,4
0,9.2,0.0,0.0,15,7,1,19,42080,104,5
0,8.5,0.0,0.0,18,7,1,20,42080,104,5
0,7.5,0.0,0.0,18,4,1,21,42080,104,6
0,7.1,0.0,0.0,17,10,1,22,42080,104,5
0,5.7,0.0,0.0,22,9,1,23,42080,104,3
0,5.7,0.0,0.0,17,10,1,0,42080,104,0
0,5.4,0.0,0.0,18,11,1,1,42080,104,0
0,4.6,0.0,0.0,17,16,1,2,42080,104,0
0,3.6,0.0,0.0,18,20,1,3,42080,104,0
1,3.6,0.0,0.0,17,16,1,4,42080,104,0
1,3.2,0.0,0.0,17,17,1,5,42080,104,0
1,2.8,0.0,0.0,11,9,1,6,42080,104,1
1,2.4,0.0,0.0,12,14,1,7,42080,104,5
1,3.6,0.0,0.0,12,8,1,8,42080,104,13
1,5.9,0.0,0.0,11,11,1,9,42080,104,17
1,9.0,0.0,0.0,23,13,1,10,42080,104,3
1,11.5,0.0,0.0,24,17,1,11,42080,104,4
1,12.4,0.0,0.0,33,15,1,12,42080,104,7
1,12.8,0.0,0.0,32,12,1,13,42080,104,14
1,14.0,0.0,0.0,31,11,1,14,42080,104,6
1,14.3,0.0,0.0,31,21,1,15,42080,104,8
1,13.8,0.0,0.0,35,21,1,16,42080,104,4
1,12.0,0.0,0.0,39,20,1,17,42080,104,8
1,10.9,0.0,0.0,34,18,1,18,42080,104,6
1,9.9,0.0,0.0,31,15,1,19,42080,104,7
1,9.3,0.0,0.0,36,19,1,20,42080,104,8
1,9.2,0.0,0.0,39,28,1,21,42080,104,4
1,8.4,0.0,0.0,38,22,1,22,42080,104,5
1,8.3,0.0,0.0,38,19,1,23,42080,104,4
1,7.1,1.7,0.0,36,32,1,0,42080,104,0
1,7.7,0.0,0.0,28,31,1,1,42080,104,0
1,8.0,0.0,0.0,26,18,1,2,42080,104,0
1,8.1,1.3,0.0,20,13,1,3,42080,104,0
2,7.3,0.0,0.0,16,16,1,4,42080,104,0
2,6.9,0.0,0.0,12,20,1,5,42080,104,0
2,6.5,0.0,0.0,17,20,1,6,42080,104,1
2,6.1,0.0,0.0,18,22,1,7,42080,104,5
2,6.0,0.0,0.0,25,20,1,8,42080,104,17
2,8.0,0.0,0.0,20,22,1,9,42080,104,16
2,9.9,0.0,0.0,24,15,1,10,42080,104,4
2,12.2,0.0,0.0,36,12,1,11,42080,104,8
2,13.6,0.0,0.0,46,27,1,12,42080,104,12
2,12.8,0.0,0.0,55,30,1,13,42080,104,13
2,14.2,0.0,0.0,47,33,1,14,42080,104,6
2,14.4,0.0,0.0,40,29,1,15,42080,104,7
2,14.1,0.0,0.0,41,24,1,16,42080,104,4
2,11.5,0.0,0.0,35,14,1,17,42080,104,8
2,9.7,0.0,0.0,26,15,1,18,42080,104,10
2,8.1,0.0,0.0,25,10,1,19,42080,104,4
2,7.9,0.0,0.0,25,13,1,20,42080,104,7
2,6.5,0.0,0.0,25,14,1,21,42080,104,5
2,5.9,0.0,0.0,22,19,1,22,42080,104,4
2,5.0,0.0,0.0,31,20,1,23,42080,104,3
2,4.5,0.0,0.0,23,17,1,0,42080,104,0
2,4.8,0.0,0.0,27,23,1,1,42080,104,0
2,4.6,0.0,0.0,25,20,1,2,42080,104,0
2,4.5,0.0,0.0,23,17,1,3,42080,104,0
3,4.2,0.0,0.0,20,20,1,4,42080,104,0
3,4.4,0.0,0.0,23,20,1,5,42080,104,0
3,4.1,0.0,0.0,27,16,1,6,42080,104,2
3,3.8,0.0,0.0,20,13,1,7,42080,104,1
3,4.7,0.0,0.0,24,19,1,8,42080,104,9
3,6.8,0.0,0.0,23,20,1,9,42080,104,13
3,10.5,0.0,0.0,35,22,1,10,42080,104,1
3,12.5,0.0,0.0,44,25,1,11,42080,104,5
3,14.3,0.0,0.0,46,27,1,12,42080,104,5
3,14.8,0.0,0.0,50,18,1,13,42080,104,5
3,15.8,0.0,0.0,37,19,1,14,42080,104,6
3,16.0,0.0,0.0,30,23,1,15,42080,104,8
3,15.7,0.0,0.0,33,18,1,16,42080,104,6
3,13.8,0.0,0.0,33,19,1,17,42080,104,8
3,11.7,0.0,0.0,35,21,1,18,42080,104,7
3,10.7,0.0,0.0,40,22,1,19,42080,104,6
3,9.9,0.0,0.0,38,26,1,20,42080,104,7
3,8.3,0.0,0.0,43,35,1,21,42080,104,8
3,7.3,0.0,0.0,42,31,1,22,42080,104,4
3,6.4,0.0,0.0,41,25,1,23,42080,104,7
3,5.7,0.0,0.0,39,30,1,0,42080,104,0
3,4.9,0.0,0.0,40,27,1,1,42080,104,0
3,4.5,0.0,0.0,41,34,1,2,42080,104,0
3,3.7,0.0,0.0,33,35,1,3,42080,104,0
4,3.4,0.0,0.0,37,30,1,4,42080,104,0
4,2.9,0.0,0.0,36,30,1,5,42080,104,0
4,2.8,0.0,0.0,31,26,1,6,42080,104,1
4,2.5,0.0,0.0,35,25,1,7,42080,104,2
4,2.9,0.0,0.0,38,28,1,8,42080,104,7
4,5.8,0.0,0.0,33,34,1,9,42080,104,12
4,8.5,0.0,0.0,45,34,1,10,42080,104,6
4,11.5,0.0,0.0,50,39,1,11,42080,104,7
4,14.4,0.0,0.0,51,38,1,12,42080,104,7
4,17.0,0.0,0.0,47,32,1,13,42080,104,9
4,18.6,0.0,0.0,45,32,1,14,42080,104,8
4,18.3,0.0,0.0,34,23,1,15,42080,104,5
4,18.4,0.0,0.0,33,25,1,16,42080,104,9
4,15.0,0.0,0.0,36,15,1,17,42080,104,8
4,13.1,0.0,0.0,29,15,1,18,42080,104,9
4,11.7,0.0,0.0,27,14,1,19,42080,104,4
4,9.9,0.0,0.0,29,13,1,20,42080,104,6
4,8.7,0.0,0.0,32,22,1,21,42080,104,9
4,7.6,0.0,0.0,29,24,1,22,42080,104,11
4,6.7,0.0,0.0,36,23,1,23,42080,104,1
4,6.0,0.0,0.0,37,27,1,0,42080,104,0
4,5.4,0.0,0.0,33,31,1,1,42080,104,0
4,4.6,0.0,0.0,41,35,1,2,42080,104,0
4,4.0,0.0,0.0,27,36,1,3,42080,104,0
5,4.0,0.0,0.0,35,34,1,4,42080,104,0
5,3.5,0.0,0.0,39,33,1,5,42080,104,0
5,3.2,0.0,0.0,34,32,1,6,42080,104,1
5,3.4,0.0,0.0,32,29,1,7,42080,104,4
5,3.9,0.0,0.0,32,25,1,8,42080,104,5
5,8.3,0.0,0.0,32,28,1,9,42080,104,11
5,13.4,0.0,0.0,39,31,1,10,42080,104,6
5,16.3,0.0,0.0,49,27,1,11,42080,104,12
5,18.2,0.0,0.0,45,16,1,12,42080,104,10
5,19.0,0.0,0.0,35,4,1,13,42080,104,11
5,19.3,0.0,0.0,30,6,1,14,42080,104,9
5,19.1,0.0,0.0,26,10,1,15,42080,104,9
5,18.6,0.0,0.0,25,11,1,16,42080,104,10
5,16.3,0.0,0.0,23,9,1,17,42080,104,8
5,15.1,0.0,0.0,26,13,1,18,42080,104,9
5,13.2,0.0,0.0,22,16,1,19,42080,104,6
5,12.3,0.0,0.0,24,16,1,20,42080,104,7
5,11.5,0.0,0.0,25,23,1,21,42080,104,9
5,10.8,0.0,0.0,27,20,1,22,42080,104,7
5,10.1,0.0,0.0,28,21,1,23,42080,104,4
5,9.6,0.0,0.0,27,24,1,0,42080,104,0
5,9.3,0.0,0.0,27,16,1,1,42080,104,0
5,9.3,0.0,0.0,24,20,1,2,42080,104,0
5,8.9,0.0,0.0,25,22,1,3,42080,104,0
6,9.1,0.0,0.0,25,22,1,4,42080,104,0
6,9.0,0.0,0.0,26,26,1,5,42080,104,0
6,8.9,0.0,0.0,25,22,1,6,42080,104,1
6,8.8,0.0,0.0,28,25,1,7,42080,104,2
6,9.2,0.0,0.0,27,26,1,8,42080,104,4
6,11.0,0.0,0.0,31,29,1,9,42080,104,5
6,13.8,0.0,0.0,28,23,1,10,42080,104,10
6,16.0,0.0,0.0,43,23,1,11,42080,104,6
6,16.8,0.0,0.0,34,15,1,12,42080,104,5
6,17.7,0.0,0.0,30,2,1,13,42080,104,8
6,18.5,0.0,0.0,30,7,1,14,42080,104,5
6,19.3,0.0,0.0,28,16,1,15,42080,104,8
6,18.4,0.0,0.0,23,13,1,16,42080,104,7
6,16.5,0.0,0.0,24,15,1,17,42080,104,9
6,14.8,0.0,0.0,21,12,1,18,42080,104,6
6,12.9,0.0,0.0,21,13,1,19,42080,104,5
6,12.0,0.0,0.0,19,18,1,20,42080,104,4
6,10.9,0.0,0.0,27,19,1,21,42080,104,10
6,10.1,0.0,0.0,26,24,1,22,42080,104,8
6,8.9,0.0,0.0,26,23,1,23,42080,104,0
6,8.6,0.0,0.0,30,21,1,0,42080,104,0
6,7.9,0.0,0.0,24,19,1,1,42080,104,0
6,7.4,0.0,0.0,28,23,1,2,42080,104,0
6,6.8,0.0,0.0,26,25,1,3,42080,104,0
0,6.3,0.0,0.0,23,24,1,4,42080,104,0
0,5.7,0.0,0.0,25,22,1,5,42080,104,0
0,5.5,0.0,0.0,23,19,1,6,42080,104,2
0,5.3,0.0,0.0,26,24,1,7,42080,104,3
0,5.9,0.0,0.0,27,22,1,8,42080,104,11
0,9.0,0.0,0.0,33,26,1,9,42080,104,15
0,11.5,0.0,0.0,40,27,1,10,42080,104,7
0,14.1,0.0,0.0,49,35,1,11,42080,104,5
0,16.9,0.0,0.0,54,36,1,12,42080,104,8
0,18.7,0.0,0.0,55,37,1,13,42080,104,17
0,19.6,0.0,0.0,37,26,1,14,42080,104,12
0,19.7,0.0,0.0,27,5,1,15,42080,104,7
0,17.8,0.0,0.0,28,17,1,16,42080,104,6
0,16.6,0.0,0.0,29,26,1,17,42080,104,5
0,14.6,0.0,0.0,30,21,1,18,42080,104,12
0,13.3,0.0,0.0,43,28,1,19,42080,104,8
0,13.2,0.0,0.0,38,27,1,20,42080,104,7
0,11.8,0.0,0.0,41,29,1,21,42080,104,8
0,11.0,0.0,0.0,36,28,1,22,42080,104,7
0,10.0,0.0,0.0,41,31,1,23,42080,104,2
0,9.5,0.0,0.0,40,33,1,0,42080,104,0
0,9.1,0.0,0.0,45,23,1,1,42080,104,0
0,8.9,0.0,0.0,38,32,1,2,42080,104,0
0,8.9,0.0,0.0,39,38,1,3,42080,104,0
1,8.8,0.0,0.0,37,35,1,4,42080,104,0
1,8.4,0.0,0.0,38,38,1,5,42080,104,0
1,8.5,0.0,0.0,41,42,1,6,42080,104,1
1,8.2,0.0,0.0,54,47,1,7,42080,104,7
1,8.5,0.0,0.0,45,47,1,8,42080,104,10
1,9.8,0.0,0.0,53,55,1,9,42080,104,26
1,10.8,0.0,0.0,62,0,1,10,42080,104,1
1,12.5,0.0,0.0,76,71,1,11,42080,104,8
1,13.6,0.0,0.0,74,56,1,12,42080,104,6
1,14.3,0.0,0.0,67,52,1,13,42080,104,10
1,13.9,0.0,0.0,63,55,1,14,42080,104,5
1,13.3,0.1,0.0,55,55,1,15,42080,104,6
1,12.6,0.0,0.0,55,59,1,16,42080,104,6
1,11.8,0.0,0.0,58,0,1,17,42080,104,7
1,11.2,0.1,0.0,65,64,1,18,42080,104,11
1,10.9,0.0,0.0,66,60,1,19,42080,104,6
1,10.6,0.0,0.0,71,49,1,20,42080,104,5
1,10.4,0.0,0.0,62,50,1,21,42080,104,4
1,10.6,0.0,0.0,70,48,1,22,42080,104,2
1,10.3,0.0,0.0,64,43,1,23,42080,104,5
1,10.3,0.0,0.0,65,42,1,0,42080,104,0
1,10.3,0.0,0.0,62,47,1,1,42080,104,0
1,10.1,0.0,0.0,63,60,1,2,42080,104,0
1,9.9,0.0,0.0,69,67,1,3,42080,104,0
2,9.2,0.0,0.0,63,60,1,4,42080,104,0
2,8.6,0.0,0.0,62,61,1,5,42080,104,0
2,8.1,0.0,0.0,66,58,1,6,42080,104,2
2,8.3,0.0,0.0,62,56,1,7,42080,104,1
2,8.8,0.0,0.0,61,50,1,8,42080,104,8
2,10.1,0.0,0.0,65,47,1,9,42080,104,16
2,12.4,0.0,0.0,68,51,1,10,42080,104,4
2,14.8,0.0,0.0,66,46,1,11,42080,104,5
2,15.3,0.0,0.0,60,28,1,12,42080,104,6
2,15.5,0.0,0.0,45,31,1,13,42080,104,15
2,16.4,0.0,0.0,43,31,1,14,42080,104,7
2,16.8,0.0,0.0,37,29,1,15,42080,104,5
2,15.7,0.0,0.0,36,25,1,16,42080,104,7
2,13.6,0.0,0.0,43,22,1,17,42080,104,7
2,11.3,0.0,0.0,29,11,1,18,42080,104,5
2,9.2,0.0,0.0,25,8,1,19,42080,104,4
2,8.9,0.0,0.0,24,9,1,20,42080,104,5
2,7.9,0.0,0.0,17,12,1,21,42080,104,4
2,6.6,0.0,0.0,19,8,1,22,42080,104,11
2,5.6,0.0,0.0,22,15,1,23,42080,104,5
2,5.1,0.0,0.0,22,15,1,0,42080,104,0
2,4.4,0.0,0.0,20,0,1,1,42080,104,0
2,4.4,0.0,0.0,19,24,1,2,42080,104,0
2,3.8,0.0,0.0,17,19,1,3,42080,104,0
3,4.2,0.0,0.0,20,19,1,4,42080,104,0
3,3.9,0.0,0.0,19,16,1,5,42080,104,0
3,3.6,0.0,0.0,16,14,1,6,42080,104,1
3,3.5,0.0,0.0,15,15,1,7,42080,104,2
3,3.9,0.0,0.0,22,19,1,8,42080,104,11
3,5.4,0.0,0.0,24,20,1,9,42080,104,19
3,7.4,0.0,0.0,30,18,1,10,42080,104,14
3,9.2,0.0,0.0,38,29,1,11,42080,104,12
3,11.0,0.0,0.0,49,30,1,12,42080,104,6
3,13.2,0.0,0.0,51,34,1,13,42080,104,9
3,14.6,0.0,0.0,52,36,1,14,42080,104,10
3,15.0,0.0,0.0,50,35,1,15,42080,104,11
3,14.7,0.0,0.0,48,34,1,16,42080,104,11
3,12.8,0.0,0.0,47,31,1,17,42080,104,8
3,11.2,0.0,0.0,46,25,1,18,42080,104,12
3,9.4,0.0,0.0,35,23,1,19,42080,104,4
3,8.4,0.0,0.0,43,23,1,20,42080,104,8
3,7.4,0.0,0.0,35,27,1,21,42080,104,5
3,6.5,0.0,0.0,45,27,1,22,42080,104,1
3,6.1,0.0,0.0,46,28,1,23,42080,104,5
3,5.2,0.0,0.0,40,28,1,0,42080,104,0
3,4.8,0.0,0.0,38,19,1,1,42080,104,0
3,4.1,0.0,0.0,43,28,1,2,42080,104,0
3,3.5,0.0,0.0,36,29,1,3,42080,104,0
4,2.9,0.0,0.0,35,28,1,4,42080,104,0
4,2.7,0.0,0.0,38,32,1,5,42080,104,0
4,2.5,0.0,0.0,36,26,1,6,42080,104,2
4,2.3,0.0,0.0,36,22,1,7,42080,104,6
4,2.7,0.0,0.0,36,27,1,8,42080,104,7
4,4.5,0.0,0.0,37,32,1,9,42080,104,12
4,7.5,0.0,0.0,38,31,1,10,42080,104,6
4,10.5,0.0,0.0,48,28,1,11,42080,104,11
4,12.6,0.0,0.0,57,30,1,12,42080,104,5
4,14.8,0.0,0.0,57,34,1,13,42080,104,9
4,17.6,0.0,0.0,55,35,1,14,42080,104,6
4,17.4,0.0,0.0,47,23,1,15,42080,104,8
4,17.1,0.0,0.0,42,24,1,16,42080,104,5
4,15.3,0.0,0.0,48,24,1,17,42080,104,8
4,14.1,0.0,0.0,40,20,1,18,42080,104,14
4,13.6,0.0,0.0,38,20,1,19,42080,104,10
4,11.6,0.0,0.0,38,21,1,20,42080,104,12
4,10.6,0.0,0.0,43,25,1,21,42080,104,9
4,10.0,0.0,0.0,45,27,1,22,42080,104,6
4,10.9,0.0,0.0,51,32,1,23,42080,104,1
4,11.1,0.0,0.0,53,33,1,0,42080,104,0
4,11.8,0.0,0.0,46,41,1,1,42080,104,0
4,12.1,0.0,0.0,53,32,1,2,42080,104,0
4,12.3,0.0,0.0,42,28,1,3,42080,104,0
5,11.8,0.0,0.0,50,23,1,4,42080,104,0
5,10.4,0.0,0.0,44,30,1,5,42080,104,0
5,9.4,0.0,0.0,37,28,1,6,42080,104,0
5,8.7,0.0,0.0,37,29,1,7,42080,104,4
5,8.8,0.0,0.0,39,23,1,8,42080,104,4
5,10.9,0.0,0.0,47,21,1,9,42080,104,6
5,12.8,0.0,0.0,55,15,1,10,42080,104,3
5,13.8,0.0,0.0,67,10,1,11,42080,104,3
5,14.7,0.0,0.0,68,4,1,12,42080,104,4
5,14.7,0.0,0.0,65,9,1,13,42080,104,4
5,13.2,0.0,0.0,83,22,1,14,42080,104,10
5,13.4,0.0,0.0,83,18,1,15,42080,104,6
5,11.8,0.0,0.0,80,14,1,16,42080,104,6
5,9.5,0.0,0.0,99,12,1,17,42080,104,6
5,7.8,0.0,0.0,88,12,1,18,42080,104,6
5,5.7,0.0,0.0,62,7,1,19,42080,104,6
5,4.5,0.0,0.0,47,6,1,20,42080,104,6
5,3.8,0.0,0.0,42,11,1,21,42080,104,6
5,3.1,0.0,0.0,52,16,1,22,42080,104,2
5,2.7,0.0,0.0,49,12,1,23,42080,104,1
5,1.8,0.0,0.0,49,12,1,0,42080,104,0
5,0.9,0.0,0.0,48,13,1,1,42080,104,0
5,0.9,0.0,0.0,41,10,1,2,42080,104,0
5,0.1,0.0,0.0,35,15,1,3,42080,104,0
6,-0.3,0.0,0.0,34,16,1,4,42080,104,0
6,-0.4,0.0,0.0,38,8,1,5,42080,104,0
6,-0.8,0.0,0.0,33,11,1,6,42080,104,0
6,-1.0,0.0,0.0,31,14,1,7,42080,104,4
6,-0.5,0.0,0.0,32,17,1,8,42080,104,3
6,3.1,0.0,0.0,33,16,1,9,42080,104,4
6,5.3,0.0,0.0,40,21,1,10,42080,104,7
6,8.1,0.0,0.0,41,17,1,11,42080,104,6
6,10.0,0.0,0.0,42,13,1,12,42080,104,7
6,11.7,0.0,0.0,31,8,1,13,42080,104,7
6,14.8,0.0,0.0,35,7,1,14,42080,104,10
6,14.6,0.0,0.0,32,13,1,15,42080,104,7
6,14.0,0.0,0.0,25,13,1,16,42080,104,5
6,12.1,0.0,0.0,27,14,1,17,42080,104,7
6,10.3,0.0,0.0,25,10,1,18,42080,104,7
6,8.8,0.0,0.0,26,12,1,19,42080,104,2
6,7.4,0.0,0.0,23,17,1,20,42080,104,9
6,6.2,0.0,0.0,28,14,1,21,42080,104,6
6,5.5,0.0,0.0,24,15,1,22,42080,104,6
6,5.0,0.0,0.0,23,14,1,23,42080,104,4
6,4.3,0.0,0.0,25,14,1,0,42080,104,0
6,3.7,0.0,0.0,27,26,1,1,42080,104,0
6,3.2,0.0,0.0,31,23,1,2,42080,104,0
6,2.5,0.0,0.0,26,23,1,3,42080,104,0
0,2.5,0.0,0.0,25,19,1,4,42080,104,0
0,2.6,0.0,0.0,24,21,1,5,42080,104,0
0,2.4,0.0,0.0,23,18,1,6,42080,104,1
0,2.7,0.0,0.0,27,23,1,7,42080,104,2
0,3.7,0.0,0.0,30,24,1,8,42080,104,11
0,6.2,0.0,0.0,29,22,1,9,42080,104,18
0,8.1,0.0,0.0,39,21,1,10,42080,104,6
0,7.8,0.0,0.0,45,21,1,11,42080,104,5
0,7.7,2.2,0.0,45,34,1,12,42080,104,6
0,8.1,0.0,0.0,28,23,1,13,42080,104,18
0,8.4,0.0,0.0,24,25,1,14,42080,104,7
0,8.6,2.5,0.0,34,30,1,15,42080,104,3
0,9.7,0.0,0.0,30,28,1,16,42080,104,4
0,9.8,0.0,0.0,32,28,1,17,42080,104,5
0,9.6,0.1,0.0,26,21,1,18,42080,104,10
0,9.5,0.0,0.0,27,16,1,19,42080,104,6
0,9.7,0.0,0.0,29,15,1,20,42080,104,3
0,10.0,4.4,0.0,27,16,1,21,42080,104,4
0,10.1,0.0,0.0,25,14,1,22,42080,104,5
0,10.4,0.0,0.0,31,19,1,23,42080,104,4
0,11.0,20.9,0.0,32,16,1,0,42080,104,0
0,10.9,0.0,0.0,20,6,1,1,42080,104,0
0,11.1,0.0,0.0,23,17,1,2,42080,104,0
0,11.1,2.0,0.0,19,14,1,3,42080,104,0
1,11.3,0.0,0.0,19,17,1,4,42080,104,0
1,11.5,0.0,0.0,17,16,1,5,42080,104,0
1,12.3,2.0,0.0,20,11,1,6,42080,104,2
1,12.0,0.0,0.0,12,6,1,7,42080,104,2
1,11.6,0.0,0.0,9,4,1,8,42080,104,12
1,12.2,2.7,0.0,12,4,1,9,42080,104,16
1,11.0,0.0,0.0,7,4,1,10,42080,104,5
1,11.1,0.0,0.0,19,14,1,11,42080,104,5
1,10.8,0.0,0.0,22,18,1,12,42080,104,7
1,11.1,0.0,0.0,34,3,1,13,42080,104,12
1,10.6,0.0,0.0,26,4,1,14,42080,104,8
1,9.5,0.0,0.0,20,14,1,15,42080,104,8
1,8.7,0.0,0.0,33,12,1,16,42080,104,9
1,7.1,0.0,0.0,27,10,1,17,42080,104,7
1,6.1,0.0,0.0,27,13,1,18,42080,104,8
1,5.5,0.0,0.0,27,14,1,19,42080,104,5
1,4.9,0.0,0.0,27,11,1,20,42080,104,8
1,4.3,0.0,0.0,20,8,1,21,42080,104,2
1,3.7,0.0,0.0,14,8,1,22,42080,104,6
1,2.7,0.0,0.0,13,5,1,23,42080,104,0
1,1.3,0.0,0.0,13,6,1,0,42080,104,0
1,0.2,0.0,0.0,20,2,1,1,42080,104,0
1,0.2,0.0,0.0,21,7,1,2,42080,104,0
1,-1.2,0.0,0.0,25,12,1,3,42080,104,0
2,-1.8,0.0,0.0,19,11,1,4,42080,104,0
2,-2.3,0.0,0.0,17,10,1,5,42080,104,0
2,-2.7,0.0,0.0,17,9,1,6,42080,104,2
2,-3.8,0.0,0.0,14,7,1,7,42080,104,0
2,-4.2,0.0,0.0,14,5,1,8,42080,104,11
2,-3.7,0.0,0.0,23,9,1,9,42080,104,19
2,-2.6,0.0,0.0,20,5,1,10,42080,104,7
2,-1.2,0.0,0.0,28,13,1,11,42080,104,4
2,-0.7,0.0,0.0,32,9,1,12,42080,104,4
2,-0.2,0.0,0.0,33,2,1,13,42080,104,6
2,-0.5,0.0,0.0,37,7,1,14,42080,104,5
2,-1.4,0.0,0.0,36,7,1,15,42080,104,9
2,-2.0,0.0,0.0,27,8,1,16,42080,104,4
2,-2.8,0.0,0.0,24,10,1,17,42080,104,5
2,-3.5,0.0,0.0,18,7,1,18,42080,104,7
2,-4.1,0.0,0.0,16,10,1,19,42080,104,4
2,-4.5,0.0,0.0,17,13,1,20,42080,104,4
2,-4.8,0.0,0.0,14,10,1,21,42080,104,8
2,-4.9,0.0,0.0,15,8,1,22,42080,104,5
2,-5.4,0.0,0.0,16,8,1,23,42080,104,6
2,-5.0,0.0,0.0,14,10,1,0,42080,104,0
2,-4.9,0.0,0.0,13,15,1,1,42080,104,0
2,-5.2,0.0,0.0,14,11,1,2,42080,104,0
2,-5.5,0.0,0.0,11,7,1,3,42080,104,0
3,-6.0,0.0,0.0,14,7,1,4,42080,104,0
3,-6.8,0.0,0.0,11,4,1,5,42080,104,0
3,-7.2,0.0,0.0,10,9,1,6,42080,104,1
3,-7.3,0.0,0.0,13,8,1,7,42080,104,1
3,-7.2,0.0,0.0,11,9,1,8,42080,104,9
3,-6.2,0.0,0.0,12,12,1,9,42080,104,19
3,-3.5,0.0,0.0,20,7,1,10,42080,104,4
3,-1.9,0.0,0.0,19,7,1,11,42080,104,5
3,-0.7,0.0,0.0,16,12,1,12,42080,104,6
3,0.0,0.0,0.0,22,11,1,13,42080,104,9
3,0.3,0.0,0.0,15,10,1,14,42080,104,6
3,0.8,0.0,0.0,16,5,1,15,42080,104,5
3,0.9,0.0,0.0,17,9,1,16,42080,104,8
3,-0.9,0.0,0.0,16,10,1,17,42080,104,8
3,-1.6,0.0,0.0,15,11,1,18,42080,104,12
3,-1.8,0.0,0.0,16,16,1,19,42080,104,3
3,-2.0,0.0,0.0,23,13,1,20,42080,104,6
3,-1.8,0.0,0.0,25,18,1,21,42080,104,0
3,-2.6,0.0,0.0,28,18,1,22,42080,104,8
3,-3.6,0.0,0.0,23,15,1,23,42080,104,3
3,-3.9,0.0,0.0,22,12,1,0,42080,104,0
3,-4.1,0.0,0.0,23,14,1,1,42080,104,0
3,-4.7,0.0,0.0,25,15,1,2,42080,104,0
3,-5.2,0.0,0.0,24,19,1,3,42080,104,0
4,-5.6,0.0,0.0,20,16,1,4,42080,104,0
4,-5.5,0.0,0.0,21,16,1,5,42080,104,0
4,-5.7,0.0,0.0,21,16,1,6,42080,104,0
4,-6.0,0.0,0.0,21,15,1,7,42080,104,0
4,-5.5,0.0,0.0,23,14,1,8,42080,104,7
4,-2.9,0.0,0.0,27,20,1,9,42080,104,9
4,-1.1,0.0,0.0,31,23,1,10,42080,104,7
4,0.4,0.0,0.0,36,21,1,11,42080,104,5
4,1.1,0.0,0.0,22,14,1,12,42080,104,9
4,2.9,0.0,0.0,17,3,1,13,42080,104,9
4,3.3,0.0,0.0,15,7,1,14,42080,104,7
4,3.8,0.0,0.0,21,10,1,15,42080,104,7
4,2.9,0.0,0.0,19,16,1,16,42080,104,4
4,1.3,0.0,0.0,22,16,1,17,42080,104,6
4,0.4,0.0,0.0,20,12,1,18,42080,104,12
4,-0.9,0.0,0.0,23,17,1,19,42080,104,6
4,-1.5,0.0,0.0,24,19,1,20,42080,104,4
4,-1.9,0.0,0.0,31,23,1,21,42080,104,6
4,-2.2,0.0,0.0,27,22,1,22,42080,104,7
4,-2.3,0.0,0.0,25,22,1,23,42080,104,3
4,-2.2,0.0,0.0,28,24,1,0,42080,104,0
4,-2.1,0.0,0.0,28,22,1,1,42080,104,0
4,-1.7,0.0,0.0,35,31,1,2,42080,104,0
4,-1.0,0.0,0.0,29,24,1,3,42080,104,0
5,-0.7,0.0,0.0,25,25,1,4,42080,104,0
5,0.0,0.0,0.0,27,17,1,5,42080,104,0
5,-0.3,0.0,0.0,24,16,1,6,42080,104,2
5,-0.1,0.0,0.0,21,14,1,7,42080,104,3
5,0.7,0.0,0.0,19,18,1,8,42080,104,3
5,1.5,0.0,0.0,18,18,1,9,42080,104,6
5,1.9,0.0,0.0,15,16,1,10,42080,104,6
5,3.5,0.0,0.0,24,22,1,11,42080,104,6
5,4.0,0.0,0.0,0,22,1,12,42080,104,6
5,4.9,0.0,0.0,40,22,1,13,42080,104,6
5,6.4,0.0,0.0,30,27,1,14,42080,104,8
5,6.4,0.0,0.0,32,23,1,15,42080,104,3
5,6.4,0.0,0.0,27,29,1,16,42080,104,5
5,5.5,0.0,0.0,31,27,1,17,42080,104,7
5,4.7,0.0,0.0,31,25,1,18,42080,104,5
5,3.9,0.0,0.0,31,27,1,19,42080,104,5
5,3.0,0.0,0.0,28,25,1,20,42080,104,11
5,2.6,0.0,0.0,37,26,1,21,42080,104,7
5,2.5,0.0,0.0,30,25,1,22,42080,104,11
5,2.6,0.0,0.0,31,28,1,23,42080,104,0
5,3.8,0.0,0.0,32,27,1,0,42080,104,0
5,3.1,0.0,0.0,38,0,1,1,42080,104,0
5,2.0,0.0,0.0,55,41,1,2,42080,104,0
5,0.8,0.0,0.0,43,23,1,3,42080,104,0
6,-0.1,0.0,0.0,33,13,1,4,42080,104,0
6,-0.8,0.0,0.0,24,9,1,5,42080,104,0
6,-1.5,0.0,0.0,23,8,1,6,42080,104,0
6,-2.2,0.0,0.0,18,3,1,7,42080,104,2
6,-2.5,0.0,0.0,12,7,1,8,42080,104,5
6,-2.2,0.0,0.0,11,4,1,9,42080,104,9
6,-1.3,0.0,0.0,20,12,1,10,42080,104,4
6,-0.9,0.0,0.0,13,13,1,11,42080,104,5
6,-0.9,0.0,0.0,14,9,1,12,42080,104,4
6,-0.8,0.0,0.0,10,4,1,13,42080,104,10
6,-0.3,0.0,0.0,15,10,1,14,42080,104,7
6,-0.2,0.0,0.0,9,9,1,15,42080,104,4
6,-0.2,0.0,0.0,10,7,1,16,42080,104,9
6,-0.6,0.0,0.0,12,11,1,17,42080,104,9
6,-1.6,0.0,0.0,13,10,1,18,42080,104,7
6,-1.9,0.0,0.0,16,9,1,19,42080,104,10
6,-2.2,0.0,0.0,10,9,1,20,42080,104,7
6,-2.5,0.0,0.0,10,8,1,21,42080,104,9
6,-2.3,0.0,0.0,16,15,1,22,42080,104,3
6,-2.5,0.0,0.0,14,11,1,23,42080,104,2
6,-3.3,0.0,0.0,19,12,1,0,42080,104,0
6,-3.5,0.0,0.0,15,6,1,1,42080,104,0
6,-3.6,0.0,0.0,19,6,1,2,42080,104,0
6,-3.9,0.0,0.0,15,11,1,3,42080,104,0
0,-3.9,0.0,0.0,17,12,1,4,42080,104,0
0,-4.0,0.0,0.0,17,12,1,5,42080,104,0
0,-4.0,0.0,0.0,14,14,1,6,42080,104,2
0,-4.4,0.0,0.0,18,10,1,7,42080,104,2
0,-4.5,0.0,0.0,14,15,1,8,42080,104,6
0,-4.1,0.0,0.0,16,16,1,9,42080,104,13
0,-3.1,0.0,0.0,18,15,1,10,42080,104,3
0,-1.6,0.0,0.0,13,12,1,11,42080,104,4
0,-0.4,0.0,0.0,14,14,1,12,42080,104,5
0,1.3,0.0,0.0,12,5,1,13,42080,104,13
0,2.5,0.0,0.0,14,7,1,14,42080,104,1
0,2.9,0.0,0.0,17,5,1,15,42080,104,6
0,2.8,0.0,0.0,13,12,1,16,42080,104,4
0,0.1,0.0,0.0,15,9,1,17,42080,104,5
0,-1.4,0.0,0.0,13,14,1,18,42080,104,8
0,-2.1,0.0,0.0,15,4,1,19,42080,104,7
0,-2.4,0.0,0.0,18,20,1,20,42080,104,5
0,-2.6,0.0,0.0,18,15,1,21,42080,104,3
0,-3.4,0.0,0.0,26,19,1,22,42080,104,3
0,-3.7,0.0,0.0,16,20,1,23,42080,104,2
0,-4.3,0.0,0.0,20,17,1,0,42080,104,0
0,-4.8,0.0,0.0,21,13,1,1,42080,104,0
0,-5.2,0.0,0.0,32,14,1,2,42080,104,0
0,-5.2,0.0,0.0,17,26,1,3,42080,104,0
1,-4.3,0.0,0.0,19,16,1,4,42080,104,0
1,-3.6,0.0,0.0,23,20,1,5,42080,104,0
1,-3.1,0.0,0.0,21,18,1,6,42080,104,2
1,-3.2,0.0,0.0,24,18,1,7,42080,104,2
1,-2.8,0.0,0.0,27,10,1,8,42080,104,11
1,-1.0,0.0,0.0,28,17,1,9,42080,104,12
1,2.0,0.0,0.0,28,23,1,10,42080,104,7
1,3.9,0.0,0.0,44,23,1,11,42080,104,4
1,3.8,0.0,0.0,35,21,1,12,42080,104,5
1,2.7,0.0,0.0,32,23,1,13,42080,104,11
1,3.0,0.0,0.0,33,19,1,14,42080,104,3
1,6.3,0.0,0.0,29,21,1,15,42080,104,8
1,2.9,0.0,0.0,21,22,1,16,42080,104,7
1,2.5,0.0,0.0,23,24,1,17,42080,104,7
1,1.9,0.3,0.0,21,21,1,18,42080,104,8
1,2.4,0.0,0.0,19,20,1,19,42080,104,6
1,2.1,0.0,0.0,24,10,1,20,42080,104,4
1,1.4,0.0,0.0,18,11,1,21,42080,104,7
1,2.1,0.0,0.0,21,14,1,22,42080,104,5
1,2.7,0.0,0.0,21,14,1,23,42080,104,3
1,2.2,0.0,0.0,16,17,1,0,42080,104,0
1,1.9,0.0,0.0,22,19,1,1,42080,104,0
1,2.5,0.0,0.0,30,23,1,2,42080,104,0
1,2.2,0.0,0.0,26,25,1,3,42080,104,0
2,1.1,0.0,0.0,28,28,1,4,42080,104,0
2,0.8,0.0,0.0,27,19,1,5,42080,104,0
2,0.4,0.0,0.0,25,22,1,6,42080,104,2
2,2.3,0.0,0.0,25,21,1,7,42080,104,4
2,3.2,0.0,0.0,35,21,1,8,42080,104,8
2,3.3,0.0,0.0,45,26,1,9,42080,104,11
2,5.0,0.0,0.0,48,34,1,10,42080,104,6
2,6.2,0.0,0.0,54,36,1,11,42080,104,4
2,7.4,0.0,0.0,61,29,1,12,42080,104,6
2,8.1,0.0,0.0,40,22,1,13,42080,104,15
2,8.1,0.0,0.0,35,30,1,14,42080,104,6
2,8.6,0.0,0.0,0,0,1,15,42080,104,4
2,8.4,0.0,0.0,0,0,1,16,42080,104,7
2,7.3,0.0,0.0,43,28,1,17,42080,104,13
2,6.7,0.0,0.0,51,32,1,18,42080,104,11
2,5.6,0.0,0.0,48,35,1,19,42080,104,5
2,4.8,0.0,0.0,51,36,1,20,42080,104,3
2,4.1,0.0,0.0,56,40,1,21,42080,104,11
2,3.3,0.0,0.0,57,39,1,22,42080,104,0
2,2.6,0.0,0.0,54,41,1,23,42080,104,0
2,2.1,0.0,0.0,54,41,1,0,42080,104,0
2,1.1,0.0,0.0,54,46,1,1,42080,104,0
2,0.5,0.0,0.0,54,45,1,2,42080,104,0
2,-0.1,0.0,0.0,49,45,1,3,42080,104,0
3,-0.7,0.0,0.0,48,43,1,4,42080,104,0
3,-0.9,0.0,0.0,43,39,1,5,42080,104,0
3,-1.1,0.0,0.0,40,31,1,6,42080,104,3
3,-1.5,0.0,0.0,41,35,1,7,42080,104,1
3,-1.5,0.0,0.0,38,37,1,8,42080,104,8
3,1.6,0.0,0.0,35,29,1,9,42080,104,16
3,4.1,0.0,0.0,41,37,1,10,42080,104,8
3,7.4,0.0,0.0,61,49,1,11,42080,104,8
3,8.9,0.0,0.0,69,41,1,12,42080,104,5
3,10.0,0.0,0.0,49,11,1,13,42080,104,6
3,10.2,0.0,0.0,36,11,1,14,42080,104,8
3,10.4,0.0,0.0,24,10,1,15,42080,104,7
3,9.9,0.0,0.0,19,15,1,16,42080,104,9
3,7.9,0.0,0.0,18,17,1,17,42080,104,10
3,6.2,0.0,0.0,20,12,1,18,42080,104,5
3,4.1,0.0,0.0,22,17,1,19,42080,104,5
3,3.6,0.0,0.0,29,17,1,20,42080,104,5
3,2.3,0.0,0.0,29,24,1,21,42080,104,8
3,1.6,0.0,0.0,30,28,1,22,42080,104,3
3,0.6,0.0,0.0,31,31,1,23,42080,104,4
3,0.0,0.0,0.0,31,24,1,0,42080,104,0
3,-0.5,0.0,0.0,28,29,1,1,42080,104,0
3,-1.0,0.0,0.0,30,21,1,2,42080,104,0
3,-1.3,0.0,0.0,28,22,1,3,42080,104,0
4,-1.5,0.0,0.0,25,21,1,4,42080,104,0
4,-1.5,0.0,0.0,22,31,1,5,42080,104,0
4,-1.4,0.0,0.0,25,24,1,6,42080,104,3
4,-1.5,0.0,0.0,25,25,1,7,42080,104,5
4,-1.5,0.0,0.0,21,26,1,8,42080,104,7
4,0.9,0.0,0.0,26,19,1,9,42080,104,12
4,2.9,0.0,0.0,33,24,1,10,42080,104,5
4,5.0,0.0,0.0,44,32,1,11,42080,104,14
4,7.8,0.0,0.0,48,31,1,12,42080,104,7
4,10.9,0.0,0.0,55,35,1,13,42080,104,13
4,11.5,0.0,0.0,60,45,1,14,42080,104,6
4,10.9,0.0,0.0,60,43,1,15,42080,104,5
4,10.7,0.0,0.0,48,36,1,16,42080,104,12
4,9.3,0.0,0.0,47,36,1,17,42080,104,9
4,7.6,0.0,0.0,46,35,1,18,42080,104,9
4,6.3,0.0,0.0,44,0,1,19,42080,104,6
4,5.7,0.0,0.0,68,0,1,20,42080,104,5
4,4.9,0.0,0.0,92,92,1,21,42080,104,10
4,4.0,0.0,0.0,84,81,1,22,42080,104,5
4,3.4,0.0,0.0,81,78,1,23,42080,104,5
4,2.3,0.0,0.0,81,78,1,0,42080,104,0
4,1.1,0.0,0.0,77,0,1,1,42080,104,0
4,0.5,0.0,0.0,75,71,1,2,42080,104,0
4,0.1,0.0,0.0,70,63,1,3,42080,104,0
5,-0.7,0.0,0.0,65,50,1,4,42080,104,0
5,-1.0,0.0,0.0,62,50,1,5,42080,104,0
5,-1.4,0.0,0.0,61,50,1,6,42080,104,0
5,-1.8,0.0,0.0,61,48,1,7,42080,104,0
5,-1.5,0.0,0.0,59,59,1,8,42080,104,5
5,-0.5,0.0,0.0,56,57,1,9,42080,104,6
5,0.2,0.0,0.0,56,53,1,10,42080,104,6
5,1.0,0.0,0.0,63,0,1,11,42080,104,6
5,2.9,0.0,0.0,73,74,1,12,42080,104,3
5,4.0,0.0,0.0,84,0,1,13,42080,104,9
5,4.8,0.0,0.0,100,0,1,14,42080,104,4
5,5.3,0.0,0.0,73,0,1,15,42080,104,8
5,5.0,0.0,0.0,54,0,1,16,42080,104,5
5,4.6,0.0,0.0,37,41,1,17,42080,104,5
5,4.2,0.0,0.0,42,0,1,18,42080,104,5
5,3.7,0.0,0.0,61,59,1,19,42080,104,8
5,3.0,0.0,0.0,56,0,1,20,42080,104,5
5,1.5,0.0,0.0,56,46,1,21,42080,104,5
5,1.3,0.0,0.0,48,36,1,22,42080,104,9
5,1.1,0.0,0.0,41,33,1,23,42080,104,0
5,1.1,0.0,0.0,48,27,1,0,42080,104,0
5,0.4,0.0,0.0,38,39,1,1,42080,104,0
5,-0.5,0.0,0.0,37,0,1,2,42080,104,0
5,-0.5,0.0,0.0,41,0,1,3,42080,104,0
6,-0.9,0.0,0.0,37,0,1,4,42080,104,0
6,-1.8,0.0,0.0,36,0,1,5,42080,104,0
6,-2.2,0.0,0.0,38,0,1,6,42080,104,2
6,-2.9,0.0,0.0,35,44,1,7,42080,104,1
6,-2.7,0.0,0.0,37,32,1,8,42080,104,7
6,0.0,0.0,0.0,33,0,1,9,42080,104,3
6,2.2,0.0,0.0,42,0,1,10,42080,104,4
6,4.5,0.0,0.0,53,0,1,11,42080,104,9
6,6.2,0.0,0.0,60,59,1,12,42080,104,7
6,7.1,0.0,0.0,63,60,1,13,42080,104,5
6,7.7,0.0,0.0,56,19,1,14,42080,104,7
6,8.8,0.0,0.0,42,25,1,15,42080,104,5
6,8.2,0.0,0.0,42,39,1,16,42080,104,7
6,5.7,0.0,0.0,33,30,1,17,42080,104,5
6,3.8,0.0,0.0,29,26,1,18,42080,104,3
6,2.5,0.0,0.0,31,21,1,19,42080,104,10
6,1.8,0.0,0.0,29,20,1,20,42080,104,3
6,0.2,0.0,0.0,22,18,1,21,42080,104,8
6,-1.2,0.0,0.0,26,27,1,22,42080,104,6
6,-1.1,0.0,0.0,26,18,1,23,42080,104,0
6,-2.2,0.0,0.0,30,20,1,0,42080,104,0
6,-2.5,0.0,0.0,24,23,1,1,42080,104,0
6,-3.3,0.0,0.0,22,22,1,2,42080,104,0
6,-3.6,0.0,0.0,26,0,1,3,42080,104,0
0,-3.9,0.0,0.0,27,0,1,4,42080,104,0
0,-4.0,0.0,0.0,18,0,1,5,42080,104,0
0,-3.4,0.0,0.0,25,0,1,6,42080,104,3
0,-3.2,0.0,0.0,25,30,1,7,42080,104,3
0,-3.1,0.0,0.0,30,35,1,8,42080,104,6
0,-1.4,0.0,0.0,27,14,1,9,42080,104,13
0,1.1,0.0,0.0,33,41,1,10,42080,104,4
0,3.8,0.0,0.0,41,0,1,11,42080,104,6
0,5.6,0.0,0.0,53,0,1,12,42080,104,4
0,6.8,0.0,0.0,61,0,1,13,42080,104,7
0,6.2,0.0,0.0,45,0,1,14,42080,104,7
0,5.3,0.0,0.0,36,16,1,15,42080,104,5
0,5.0,0.0,0.0,21,22,1,16,42080,104,8
0,4.8,0.0,0.0,30,0,1,17,42080,104,6
0,3.8,0.0,0.0,37,0,1,18,42080,104,9
0,3.3,0.0,0.0,27,0,1,19,42080,104,7
0,3.7,0.0,0.0,30,0,1,20,42080,104,3
0,3.5,0.0,0.0,29,0,1,21,42080,104,7
0,3.1,0.0,0.0,25,0,1,22,42080,104,5
0,2.9,0.0,0.0,14,0,1,23,42080,104,9
0,3.0,0.0,0.0,19,0,1,0,42080,104,0
0,3.0,0.0,0.0,22,0,1,1,42080,104,0
0,3.1,0.0,0.0,27,0,1,2,42080,104,0
0,2.9,0.0,0.0,45,0,1,3,42080,104,0
1,3.0,0.0,0.0,36,0,1,4,42080,104,0
1,2.7,0.0,0.0,40,0,1,5,42080,104,0
1,2.7,0.0,0.0,57,0,1,6,42080,104,2
1,2.8,0.0,0.0,75,0,1,7,42080,104,1
1,3.5,0.0,0.0,85,0,1,8,42080,104,12
1,4.3,0.0,0.0,111,0,1,9,42080,104,6
1,3.8,0.0,0.0,143,41,1,10,42080,104,1
1,2.3,0.0,0.0,180,64,1,11,42080,104,5
1,2.3,0.6,0.0,139,49,1,12,42080,104,7
1,3.4,0.0,0.0,96,34,1,13,42080,104,5
1,3.8,0.0,0.0,88,52,1,14,42080,104,8
1,2.6,1.1,0.0,122,43,1,15,42080,104,9
1,3.5,0.0,0.0,121,60,1,16,42080,104,9
1,2.1,0.0,0.0,194,79,1,17,42080,104,9
1,1.1,0.0,0.0,165,80,1,18,42080,104,9
1,-0.1,0.0,1.0,157,33,1,19,42080,104,11
1,0.1,0.0,1.7,72,32,1,20,42080,104,10
1,0.2,2.0,1.6,29,28,1,21,42080,104,5
1,-0.8,0.0,2.2,32,18,1,22,42080,104,9
1,-1.8,0.0,2.7,14,16,1,23,42080,104,0
1,-2.5,1.2,3.5,15,8,1,0,42080,104,0
1,-3.5,0.0,3.6,21,9,1,1,42080,104,0
1,-5.4,0.0,3.6,24,24,1,2,42080,104,0
1,-6.7,0.0,3.8,27,0,1,3,42080,104,0
2,-7.1,0.0,3.7,31,8,1,4,42080,104,0
2,-8.2,0.0,3.6,44,24,1,5,42080,104,0
2,-8.9,0.0,3.5,48,21,1,6,42080,104,2
2,-9.9,0.0,3.4,46,0,1,7,42080,104,2
2,-9.7,0.0,3.4,37,0,1,8,42080,104,6
2,-8.0,0.0,3.3,37,14,1,9,42080,104,6
2,-6.8,0.0,3.0,45,22,1,10,42080,104,7
2,-6.2,0.0,2.9,46,0,1,11,42080,104,5
2,-5.3,0.0,2.7,48,0,1,12,42080,104,12
2,-4.9,0.0,2.6,48,0,1,13,42080,104,9
2,-4.5,0.0,2.3,42,23,1,14,42080,104,10
2,-5.1,0.0,2.3,44,18,1,15,42080,104,10
2,-5.3,0.0,2.2,43,23,1,16,42080,104,6
2,-6.4,0.0,2.1,46,18,1,17,42080,104,12
2,-7.3,0.0,2.1,42,15,1,18,42080,104,11
2,-7.8,0.0,2.1,36,20,1,19,42080,104,11
2,-8.0,0.0,2.1,36,16,1,20,42080,104,2
2,-8.2,0.0,2.1,35,16,1,21,42080,104,10
2,-8.4,0.0,2.1,30,16,1,22,42080,104,7
2,-8.8,0.0,2.1,27,18,1,23,42080,104,0
2,-8.9,0.0,2.1,24,17,1,0,42080,104,0
2,-9.1,0.0,2.1,25,19,1,1,42080,104,0
2,-8.4,0.0,2.1,26,17,1,2,42080,104,0
2,-7.7,0.0,2.1,33,22,1,3,42080,104,0
3,-7.6,0.0,2.1,34,25,1,4,42080,104,0
3,-7.1,0.0,2.1,35,30,1,5,42080,104,0
3,-7.0,0.0,2.1,34,27,1,6,42080,104,1
3,-7.5,0.0,2.1,32,23,1,7,42080,104,0
3,-7.4,0.0,2.1,29,20,1,8,42080,104,9
3,-4.8,0.0,2.1,29,24,1,9,42080,104,3
3,-2.0,0.0,2.1,32,18,1,10,42080,104,5
3,0.4,0.0,2.0,25,21,1,11,42080,104,6
3,2.7,0.0,1.8,29,20,1,12,42080,104,7
3,3.7,0.0,0.5,29,7,1,13,42080,104,6
3,4.7,0.0,0.0,26,2,1,14,42080,104,7
3,4.5,0.0,0.0,27,10,1,15,42080,104,7
3,4.0,0.0,0.0,27,4,1,16,42080,104,9
3,3.2,0.0,0.0,29,8,1,17,42080,104,10
3,1.7,0.1,0.0,23,13,1,18,42080,104,14
3,1.0,0.0,0.0,20,12,1,19,42080,104,9
3,1.1,0.0,0.0,19,13,1,20,42080,104,9
3,0.8,1.3,0.0,14,8,1,21,42080,104,9
3,0.7,0.0,0.0,16,6,1,22,42080,104,7
3,-0.7,0.0,0.0,11,0,1,23,42080,104,0
3,-1.8,0.2,0.0,40,27,1,0,42080,104,0
3,-2.5,0.0,0.0,50,21,1,1,42080,104,0
3,-3.1,0.0,0.0,47,28,1,2,42080,104,0
3,-3.8,0.0,0.0,47,32,1,3,42080,104,0
4,-4.5,0.0,0.0,41,34,1,4,42080,104,0
4,-5.5,0.0,0.0,35,27,1,5,42080,104,0
4,-6.5,0.0,0.0,37,24,1,6,42080,104,1
4,-6.8,0.0,0.0,33,21,1,7,42080,104,3
4,-6.9,0.0,0.0,30,19,1,8,42080,104,7
4,-6.0,0.0,0.0,25,17,1,9,42080,104,3
4,-5.4,0.0,0.0,24,14,1,10,42080,104,3
4,-4.5,0.0,0.0,26,15,1,11,42080,104,2
4,-3.1,0.0,0.0,25,12,1,12,42080,104,8
4,-2.4,0.0,0.0,27,7,1,13,42080,104,7
4,-1.6,0.0,0.0,28,12,1,14,42080,104,5
4,-1.9,0.0,0.0,20,16,1,15,42080,104,7
4,-2.5,0.0,0.0,19,17,1,16,42080,104,9
4,-3.1,0.0,0.0,23,17,1,17,42080,104,10
4,-3.6,0.0,0.0,26,18,1,18,42080,104,12
4,-4.0,0.0,0.0,21,17,1,19,42080,104,7
4,-4.2,0.0,0.0,24,17,1,20,42080,104,3
4,-4.4,0.0,0.0,32,26,1,21,42080,104,10
4,-4.5,0.0,0.0,36,28,1,22,42080,104,7
4,-4.9,0.0,0.0,31,27,1,23,42080,104,7
4,-4.8,0.0,0.0,33,26,1,0,42080,104,0
4,-5.0,0.0,0.0,28,18,1,1,42080,104,0
4,-5.1,0.0,0.0,29,22,1,2,42080,104,0
4,-5.5,0.0,0.0,29,24,1,3,42080,104,0
5,-6.0,0.0,0.0,21,24,1,4,42080,104,0
5,-6.0,0.0,0.0,30,29,1,5,42080,104,0
5,-6.4,0.0,0.0,29,33,1,6,42080,104,2
5,-5.8,0.0,0.0,28,22,1,7,42080,104,3
5,-4.9,0.0,0.0,24,16,1,8,42080,104,3
5,-5.0,0.0,0.2,19,13,1,9,42080,104,5
5,-5.9,0.0,0.4,17,8,1,10,42080,104,2
5,-5.4,0.0,2.6,20,21,1,11,42080,104,7
5,-3.3,0.9,1.8,28,12,1,12,42080,104,13
5,-2.6,0.0,0.6,21,11,1,13,42080,104,6
5,-3.4,0.0,0.3,18,14,1,14,42080,104,6
5,-3.9,0.0,0.3,17,13,1,15,42080,104,3
5,-4.0,0.0,0.0,20,11,1,16,42080,104,9
5,-4.9,0.0,0.0,22,17,1,17,42080,104,10
5,-6.1,0.0,0.0,27,16,1,18,42080,104,13
5,-6.8,0.0,0.0,20,15,1,19,42080,104,5
5,-7.3,0.0,0.0,21,14,1,20,42080,104,6
5,-7.9,0.0,0.0,24,13,1,21,42080,104,7
5,-8.6,0.0,0.0,26,16,1,22,42080,104,3
5,-9.3,0.0,0.0,22,18,1,23,42080,104,9
5,-9.8,0.0,0.0,22,15,1,0,42080,104,0
5,-9.7,0.0,0.0,22,15,1,1,42080,104,0
5,-10.1,0.0,0.0,20,10,1,2,42080,104,0
5,-10.6,0.0,0.0,17,13,1,3,42080,104,0
6,-10.8,0.0,0.0,17,14,1,4,42080,104,0
6,-11.3,0.0,0.0,16,11,1,5,42080,104,0
6,-11.2,0.0,0.0,16,12,1,6,42080,104,0
6,-10.7,0.0,0.0,17,14,1,7,42080,104,1
6,-10.9,0.0,0.0,18,12,1,8,42080,104,5
6,-8.8,0.0,0.0,19,8,1,9,42080,104,3
6,-7.6,0.0,0.0,18,9,1,10,42080,104,3
6,-6.3,0.0,0.0,22,15,1,11,42080,104,4
6,-6.1,0.0,0.0,16,12,1,12,42080,104,0
6,-5.5,0.0,0.0,19,21,1,13,42080,104,5
6,-4.1,0.0,0.0,20,19,1,14,42080,104,5
6,-4.4,0.0,0.0,22,14,1,15,42080,104,5
6,-4.5,0.0,0.0,24,15,1,16,42080,104,6
6,-6.5,0.0,0.0,19,13,1,17,42080,104,5
6,-7.5,0.0,0.0,19,13,1,18,42080,104,16
6,-8.2,0.0,0.0,22,17,1,19,42080,104,4
6,-8.8,0.0,0.0,27,14,1,20,42080,104,4
6,-8.9,0.0,0.0,25,9,1,21,42080,104,12
6,-9.2,0.0,0.0,26,7,1,22,42080,104,3
6,-9.5,0.0,0.0,23,17,1,23,42080,104,10
6,-9.6,0.0,0.0,27,23,1,0,42080,104,0
6,-10.2,0.0,0.0,21,22,1,1,42080,104,0
6,-10.7,0.0,0.0,21,22,1,2,42080,104,0
6,-11.1,0.0,0.0,24,21,1,3,42080,104,0
0,-10.9,0.0,0.0,19,21,1,4,42080,104,0
0,-11.2,0.0,0.0,24,20,1,5,42080,104,0
0,-11.1,0.0,0.0,20,20,1,6,42080,104,1
0,-11.4,0.0,0.0,22,18,1,7,42080,104,2
0,-11.1,0.0,0.0,19,17,1,8,42080,104,6
0,-8.3,0.0,0.0,23,21,1,9,42080,104,7
0,-5.5,0.0,0.0,25,23,1,10,42080,104,3
0,-3.2,0.0,0.0,26,28,1,11,42080,104,2
0,-1.9,0.0,0.0,30,13,1,12,42080,104,11
0,-0.1,0.0,0.0,29,11,1,13,42080,104,6
0,0.6,0.0,0.0,27,10,1,14,42080,104,6
0,-0.5,0.0,0.0,36,14,1,15,42080,104,8
0,-0.6,0.0,0.0,34,16,1,16,42080,104,10
0,-2.0,0.0,0.0,32,14,1,17,42080,104,8
0,-2.9,0.0,0.0,25,9,1,18,42080,104,12
0,-3.7,0.0,0.0,27,15,1,19,42080,104,8
0,-4.2,0.0,0.0,29,19,1,20,42080,104,8
0,-3.8,0.0,0.0,34,18,1,21,42080,104,4
0,-3.8,0.0,0.0,32,15,1,22,42080,104,4
0,-4.4,0.0,0.0,33,17,1,23,42080,104,3
0,-4.3,0.0,0.0,34,14,1,0,42080,104,0
0,-5.4,0.0,0.0,35,22,1,1,42080,104,0
0,-6.1,0.0,0.0,38,24,1,2,42080,104,0
0,-6.7,0.0,0.0,42,25,1,3,42080,104,0
1,-7.3,0.0,0.0,36,19,1,4,42080,104,0
1,-7.7,0.0,0.0,37,20,1,5,42080,104,0
1,-8.0,0.0,0.0,36,17,1,6,42080,104,2
1,-8.5,0.0,0.0,40,16,1,7,42080,104,3
1,-8.3,0.0,0.0,37,13,1,8,42080,104,5
1,-5.9,0.0,0.0,33,23,1,9,42080,104,6
1,-3.0,0.0,0.0,44,39,1,10,42080,104,2
1,-1.1,0.0,0.0,49,41,1,11,42080,104,3
1,1.0,0.0,0.0,56,32,1,12,42080,104,4
1,2.0,0.0,0.0,43,41,1,13,42080,104,7
1,3.3,0.0,0.0,53,30,1,14,42080,104,5
1,3.7,0.0,0.0,44,23,1,15,42080,104,6
1,3.8,0.0,0.0,34,20,1,16,42080,104,9
1,1.6,0.0,0.0,27,20,1,17,42080,104,8
1,0.7,0.0,0.0,35,23,1,18,42080,104,11
1,0.4,0.0,0.0,24,17,1,19,42080,104,5
1,-0.7,0.0,0.0,30,14,1,20,42080,104,9
1,-1.3,0.0,0.0,33,24,1,21,42080,104,6
1,-1.4,0.0,0.0,35,31,1,22,42080,104,9
1,-2.0,0.0,0.0,33,28,1,23,42080,104,0
1,-2.0,0.0,0.0,28,26,1,0,42080,104,0
1,-1.7,0.0,0.0,29,17,1,1,42080,104,0
1,-1.6,0.0,0.0,26,25,1,2,42080,104,0
1,-1.3,0.0,0.0,32,27,1,3,42080,104,0
2,-0.8,0.0,0.0,28,25,1,4,42080,104,0
2,-1.2,0.0,0.1,29,29,1,5,42080,104,0
2,-1.5,0.3,0.1,32,27,1,6,42080,104,2
2,-1.3,0.0,0.2,31,29,1,7,42080,104,5
2,-0.9,0.0,0.2,30,30,1,8,42080,104,6
2,-0.5,2.2,0.2,32,30,1,9,42080,104,6
2,-0.1,0.0,0.2,30,31,1,10,42080,104,4
2,0.1,0.0,0.1,32,20,1,11,42080,104,3
2,1.0,1.7,0.1,26,0,1,12,42080,104,6
2,1.3,0.0,0.0,27,31,1,13,42080,104,9
2,1.5,0.0,0.0,34,28,1,14,42080,104,6
2,1.8,1.2,0.0,36,37,1,15,42080,104,4
2,1.7,0.0,0.0,31,31,1,16,42080,104,6
2,1.5,0.0,0.0,28,28,1,17,42080,104,7
2,1.5,0.4,0.0,27,18,1,18,42080,104,6
2,1.0,0.0,0.0,25,15,1,19,42080,104,6
2,0.8,0.0,0.0,21,13,1,20,42080,104,6
2,0.5,0.0,0.0,22,15,1,21,42080,104,7
2,0.5,0.0,0.0,29,13,1,22,42080,104,5
2,-0.1,0.0,0.0,36,18,1,23,42080,104,0
2,-0.3,0.0,0.0,45,17,1,0,42080,104,0
2,-0.8,0.0,0.0,53,16,1,1,42080,104,0
2,-1.6,0.0,0.0,64,27,1,2,42080,104,0
2,-2.2,0.2,0.3,71,25,1,3,42080,104,0
3,-2.7,0.0,0.4,70,27,1,4,42080,104,0
3,-3.4,0.0,0.4,62,23,1,5,42080,104,0
3,-4.0,0.1,1.3,46,16,1,6,42080,104,3
3,-4.6,0.0,2.6,35,11,1,7,42080,104,4
3,-5.2,0.0,2.7,19,18,1,8,42080,104,9
3,-5.1,0.3,3.0,21,15,1,9,42080,104,6
3,-4.2,0.0,3.0,20,16,1,10,42080,104,6
3,-4.8,0.0,3.3,20,15,1,11,42080,104,8
3,-4.0,0.0,3.3,19,11,1,12,42080,104,7
3,-3.6,0.0,2.7,19,4,1,13,42080,104,12
3,-2.3,0.0,1.6,19,12,1,14,42080,104,5
3,-2.9,0.0,0.5,16,15,1,15,42080,104,6
3,-5.0,0.0,0.0,10,11,1,16,42080,104,6
3,-6.1,0.0,0.0,11,10,1,17,42080,104,7
3,-6.6,0.0,0.0,20,9,1,18,42080,104,11
3,-7.3,0.0,0.4,17,13,1,19,42080,104,4
3,-7.4,0.0,0.7,18,16,1,20,42080,104,7
3,-7.5,0.5,1.0,12,9,1,21,42080,104,9
3,-7.9,0.0,1.0,15,12,1,22,42080,104,13
3,-9.1,0.0,0.9,18,13,1,23,42080,104,7
3,-8.4,0.0,0.9,18,15,1,0,42080,104,0
3,-8.0,0.0,0.9,20,11,1,1,42080,104,0
3,-8.4,0.0,0.9,24,17,1,2,42080,104,0
3,-8.6,0.0,0.9,20,18,1,3,42080,104,0
4,-9.0,0.0,0.9,21,14,1,4,42080,104,0
4,-9.1,0.0,0.9,14,8,1,5,42080,104,0
4,-9.1,0.0,0.9,17,12,1,6,42080,104,2
4,-9.4,0.0,0.9,18,12,1,7,42080,104,4
4,-9.1,0.0,0.9,17,12,1,8,42080,104,6
4,-8.7,0.0,0.9,15,12,1,9,42080,104,4
4,-7.6,0.0,0.8,15,9,1,10,42080,104,4
4,-5.8,0.0,0.8,17,8,1,11,42080,104,7
4,-6.2,0.0,0.7,12,9,1,12,42080,104,6
4,-6.0,0.0,0.6,16,11,1,13,42080,104,5
4,-6.0,0.0,0.5,15,13,1,14,42080,104,7
4,-4.8,0.0,0.3,17,14,1,15,42080,104,8
4,-5.7,0.0,0.5,10,12,1,16,42080,104,8
4,-7.0,0.0,0.8,11,10,1,17,42080,104,6
4,-7.1,0.0,0.8,20,16,1,18,42080,104,13
4,-6.9,0.0,0.8,19,11,1,19,42080,104,6
4,-7.2,0.0,1.0,22,12,1,20,42080,104,5
4,-8.6,0.0,1.2,17,16,1,21,42080,104,13
4,-10.3,0.0,2.2,16,13,1,22,42080,104,13
4,-10.6,0.0,2.3,16,14,1,23,42080,104,11
4,-10.8,0.1,2.1,17,14,1,0,42080,104,0
4,-11.0,0.0,2.0,18,12,1,1,42080,104,0
4,-11.5,0.0,1.9,24,16,1,2,42080,104,0
4,-12.0,0.0,1.8,20,16,1,3,42080,104,0
5,-12.4,0.0,1.7,17,17,1,4,42080,104,0
5,-12.8,0.0,1.7,14,13,1,5,42080,104,0
5,-13.0,0.0,1.6,21,17,1,6,42080,104,1
5,-13.2,0.0,1.6,12,15,1,7,42080,104,2
5,-13.1,0.0,1.6,16,10,1,8,42080,104,1
5,-10.2,0.0,1.5,18,16,1,9,42080,104,3
5,-8.1,0.0,1.4,26,17,1,10,42080,104,6
5,-7.3,0.0,1.3,27,16,1,11,42080,104,5
5,-6.5,0.0,1.0,30,20,1,12,42080,104,8
5,-5.1,0.0,0.8,37,18,1,13,42080,104,4
5,-4.5,0.0,0.3,30,21,1,14,42080,104,8
5,-4.4,0.0,0.0,24,21,1,15,42080,104,6
5,-3.3,0.0,0.0,29,24,1,16,42080,104,7
5,-5.4,0.0,0.0,29,23,1,17,42080,104,5
5,-6.2,0.0,0.0,31,22,1,18,42080,104,4
5,-7.0,0.0,0.0,34,22,1,19,42080,104,3
5,-7.4,0.0,0.0,31,25,1,20,42080,104,4
5,-8.0,0.0,0.0,37,28,1,21,42080,104,15
5,-8.0,0.0,0.0,42,31,1,22,42080,104,6
5,-8.8,0.0,0.0,40,28,1,23,42080,104,0
5,-9.4,0.0,0.0,36,25,1,0,42080,104,0
5,-10.0,0.0,0.0,33,26,1,1,42080,104,0
5,-10.3,0.0,0.0,37,33,1,2,42080,104,0
5,-10.2,0.0,0.0,39,30,1,3,42080,104,0
6,-10.3,0.0,0.0,32,29,1,4,42080,104,0
6,-10.5,0.0,0.0,33,24,1,5,42080,104,0
6,-10.7,0.0,0.0,32,25,1,6,42080,104,0
6,-10.7,0.0,0.0,33,26,1,7,42080,104,1
6,-11.0,0.0,0.0,32,22,1,8,42080,104,3
6,-8.8,0.0,0.0,37,23,1,9,42080,104,6
6,-5.5,0.0,0.0,36,29,1,10,42080,104,6
6,-2.9,0.0,0.0,42,34,1,11,42080,104,3
6,-0.4,0.0,0.0,46,36,1,12,42080,104,0
6,1.2,0.0,0.0,53,27,1,13,42080,104,3
6,2.1,0.0,0.0,38,24,1,14,42080,104,6
6,2.3,0.0,0.0,26,23,1,15,42080,104,6
6,1.9,0.0,0.0,23,19,1,16,42080,104,7
6,-0.1,0.0,0.0,28,15,1,17,42080,104,3
6,-1.5,0.0,0.0,23,20,1,18,42080,104,6
6,-2.3,0.0,0.0,27,17,1,19,42080,104,12
6,-3.1,0.0,0.0,19,15,1,20,42080,104,6
6,-3.7,0.0,0.0,23,16,1,21,42080,104,7
6,-4.3,0.0,0.0,26,18,1,22,42080,104,13
6,-4.9,0.0,0.0,22,18,1,23,42080,104,4
6,-5.4,0.0,0.0,21,24,1,0,42080,104,0
6,-5.7,0.0,0.0,26,25,1,1,42080,104,0
6,-6.4,0.0,0.0,29,25,1,2,42080,104,0
6,-6.8,0.0,0.0,24,27,1,3,42080,104,0
0,-7.6,0.0,0.0,25,22,1,4,42080,104,0
0,-7.7,0.0,0.0,25,20,1,5,42080,104,0
0,-8.1,0.0,0.0,27,20,1,6,42080,104,1
0,-8.3,0.0,0.0,27,19,1,7,42080,104,2
0,-8.3,0.0,0.0,28,19,1,8,42080,104,7
0,-6.1,0.0,0.0,29,18,1,9,42080,104,4
0,-4.3,0.0,0.0,31,27,1,10,42080,104,3
0,-1.7,0.0,0.0,43,33,1,11,42080,104,5
0,0.1,0.0,0.0,50,29,1,12,42080,104,5
0,0.5,0.0,0.0,47,27,1,13,42080,104,3
0,0.8,0.0,0.0,43,24,1,14,42080,104,4
0,1.2,0.0,0.0,44,25,1,15,42080,104,7
0,1.6,0.0,0.0,47,24,1,16,42080,104,9
0,0.0,0.0,0.0,39,17,1,17,42080,104,8
0,-1.1,0.0,0.0,36,15,1,18,42080,104,6
0,-1.9,0.0,0.0,27,13,1,19,42080,104,5
0,-2.6,0.0,0.0,27,18,1,20,42080,104,8
0,-3.4,0.0,0.0,31,21,1,21,42080,104,4
0,-4.0,0.0,0.0,29,24,1,22,42080,104,11
0,-4.6,0.0,0.0,27,21,1,23,42080,104,8
0,-5.0,0.0,0.0,28,22,1,0,42080,104,0
0,-5.8,0.0,0.0,33,31,1,1,42080,104,0
0,-6.4,0.0,0.0,35,34,1,2,42080,104,0
0,-6.8,0.0,0.0,25,32,1,3,42080,104,0
1,-7.2,0.0,0.0,29,25,1,4,42080,104,0
1,-7.7,0.0,0.0,37,19,1,5,42080,104,0
1,-8.2,0.0,0.0,30,20,1,6,42080,104,1
1,-8.2,0.0,0.0,36,23,1,7,42080,104,0
1,-8.3,0.0,0.0,34,24,1,8,42080,104,8
1,-6.0,0.0,0.0,36,27,1,9,42080,104,3
1,-3.7,0.0,0.0,36,27,1,10,42080,104,4
1,-0.7,0.0,0.0,43,34,1,11,42080,104,3
1,1.8,0.0,0.0,56,41,1,12,42080,104,3
1,2.5,0.0,0.0,63,39,1,13,42080,104,3
1,4.3,0.0,0.0,56,37,1,14,42080,104,7
1,4.8,0.0,0.0,57,32,1,15,42080,104,7
1,4.0,0.0,0.0,54,18,1,16,42080,104,6
1,1.8,0.0,0.0,41,23,1,17,42080,104,7
1,0.6,0.0,0.0,49,29,1,18,42080,104,7
1,-0.6,0.0,0.0,48,29,1,19,42080,104,12
1,-1.5,0.0,0.0,45,29,1,20,42080,104,4
1,-2.1,0.0,0.0,48,30,1,21,42080,104,7
1,-2.4,0.0,0.0,53,31,1,22,42080,104,8
1,-2.5,0.0,0.0,48,36,1,23,42080,104,7
1,-2.3,0.0,0.0,46,35,1,0,42080,104,0
1,-2.6,0.0,0.0,48,31,1,1,42080,104,0
1,-2.8,0.0,0.0,51,36,1,2,42080,104,0
1,-3.5,0.0,0.0,45,42,1,3,42080,104,0
2,-4.2,0.0,0.0,47,33,1,4,42080,104,0
2,-4.2,0.0,0.0,45,31,1,5,42080,104,0
2,-4.7,0.0,0.0,41,36,1,6,42080,104,1
2,-4.4,0.0,0.0,42,30,1,7,42080,104,1
2,-3.7,0.0,0.0,44,30,1,8,42080,104,5
2,-2.8,0.0,0.0,45,38,1,9,42080,104,3
2,-1.0,0.0,0.0,54,38,1,10,42080,104,5
2,-0.1,0.0,0.0,49,25,1,11,42080,104,6
2,0.2,0.0,0.0,43,19,1,12,42080,104,5
2,1.5,0.0,0.0,45,20,1,13,42080,104,5
2,2.6,0.0,0.0,45,27,1,14,42080,104,9
2,2.3,0.0,0.0,39,20,1,15,42080,104,7
2,2.1,0.0,0.0,29,16,1,16,42080,104,10
2,0.4,0.0,0.0,26,13,1,17,42080,104,5
2,-1.0,0.0,0.0,27,19,1,18,42080,104,11
2,-2.1,0.0,0.0,26,20,1,19,42080,104,3
2,-3.4,0.0,0.0,31,16,1,20,42080,104,1
2,-3.8,0.0,0.0,31,20,1,21,42080,104,5
2,-4.1,0.0,0.0,33,24,1,22,42080,104,6
2,-4.1,0.0,0.0,29,18,1,23,42080,104,6
2,-4.8,0.0,0.0,29,20,1,0,42080,104,0
2,-5.4,0.0,0.0,27,29,1,1,42080,104,0
2,-6.1,0.0,0.0,28,24,1,2,42080,104,0
2,-6.4,0.0,0.0,23,27,1,3,42080,104,0
3,-6.8,0.0,0.0,28,23,1,4,42080,104,0
3,-7.2,0.0,0.0,26,25,1,5,42080,104,0
3,-7.7,0.0,0.0,31,17,1,6,42080,104,2
3,-7.7,0.0,0.0,29,18,1,7,42080,104,4
3,-8.0,0.0,0.0,27,18,1,8,42080,104,9
3,-5.8,0.0,0.0,28,19,1,9,42080,104,6
3,-3.4,0.0,0.0,33,25,1,10,42080,104,4
3,-1.3,0.0,0.0,40,28,1,11,42080,104,6
3,0.5,0.0,0.0,51,28,1,12,42080,104,10
3,0.4,0.0,0.0,46,13,1,13,42080,104,8
3,1.0,0.0,0.0,38,17,1,14,42080,104,6
3,1.5,0.0,0.0,39,20,1,15,42080,104,11
3,1.1,0.0,0.0,27,19,1,16,42080,104,5
3,0.3,0.0,0.0,29,14,1,17,42080,104,7
3,-1.1,0.0,0.0,31,13,1,18,42080,104,7
3,-2.0,0.0,0.0,31,17,1,19,42080,104,7
3,-2.3,0.0,0.0,32,18,1,20,42080,104,9
3,-3.0,0.0,0.0,31,19,1,21,42080,104,5
3,-3.4,0.0,0.0,34,24,1,22,42080,104,9
3,-3.9,0.0,0.0,33,22,1,23,42080,104,8
3,-3.7,0.0,0.0,26,19,1,0,42080,104,0
3,-3.5,0.0,0.0,31,19,1,1,42080,104,0
3,-3.0,0.0,0.0,33,25,1,2,42080,104,0
3,-3.5,0.0,0.1,29,31,1,3,42080,104,0
4,-3.1,0.0,0.1,26,31,1,4,42080,104,0
4,-3.4,0.0,0.1,34,22,1,5,42080,104,0
4,-3.4,0.0,0.1,35,27,1,6,42080,104,1
4,-2.9,0.0,0.1,30,23,1,7,42080,104,2
4,-3.0,0.0,0.0,35,28,1,8,42080,104,5
4,-2.2,0.0,0.0,37,27,1,9,42080,104,3
4,-0.8,0.0,0.0,38,31,1,10,42080,104,3
4,0.9,0.0,0.0,46,32,1,11,42080,104,6
4,2.1,0.0,0.0,50,26,1,12,42080,104,6
4,3.1,0.0,0.0,35,28,1,13,42080,104,8
4,2.8,0.0,0.0,35,24,1,14,42080,104,5
4,1.6,0.0,0.0,33,23,1,15,42080,104,6
4,1.5,0.0,0.0,36,35,1,16,42080,104,5
4,1.1,0.0,0.0,36,25,1,17,42080,104,3
4,-0.1,0.0,0.0,38,25,1,18,42080,104,9
4,-0.6,0.0,0.0,39,23,1,19,42080,104,8
4,-0.8,0.0,0.0,35,25,1,20,42080,104,7
4,-1.0,0.0,0.0,34,26,1,21,42080,104,10
4,-1.3,0.0,0.0,28,18,1,22,42080,104,6
4,-2.0,0.0,0.0,32,21,1,23,42080,104,6
4,-2.4,0.0,0.0,29,24,1,0,42080,104,0
4,-3.2,0.0,0.0,32,12,1,1,42080,104,0
4,-3.6,0.0,0.0,36,19,1,2,42080,104,0
4,-4.0,0.0,0.0,21,25,1,3,42080,104,0
5,-4.5,0.0,0.0,28,27,1,4,42080,104,0
5,-4.3,0.0,0.0,27,24,1,5,42080,104,0
5,-3.7,0.0,0.0,26,23,1,6,42080,104,1
5,-3.5,0.0,0.0,25,21,1,7,42080,104,1
5,-3.2,0.0,0.0,24,22,1,8,42080,104,5
5,-2.4,0.0,0.0,24,17,1,9,42080,104,6
5,-0.8,0.0,0.0,26,25,1,10,42080,104,4
5,0.0,0.0,0.0,36,23,1,11,42080,104,10
5,1.0,0.0,0.0,34,17,1,12,42080,104,3
5,2.4,0.0,0.0,34,18,1,13,42080,104,9
5,3.5,0.0,0.0,30,20,1,14,42080,104,5
5,3.8,0.0,0.0,35,24,1,15,42080,104,5
5,3.7,0.0,0.0,26,23,1,16,42080,104,5
5,2.3,0.0,0.0,34,26,1,17,42080,104,6
5,1.3,0.0,0.0,31,20,1,18,42080,104,2
5,-0.1,0.0,0.0,33,24,1,19,42080,104,4
5,-1.3,0.0,0.0,36,21,1,20,42080,104,4
5,-2.1,0.0,0.0,37,23,1,21,42080,104,6
5,-2.6,0.0,0.0,36,22,1,22,42080,104,1
5,-2.6,0.0,0.0,37,30,1,23,42080,104,15
5,-3.0,0.0,0.0,27,26,1,0,42080,104,0
5,-3.5,0.0,0.0,31,15,1,1,42080,104,0
5,-3.8,0.0,0.0,36,28,1,2,42080,104,0
5,-4.1,0.0,0.0,33,31,1,3,42080,104,0
